   km  Ne/cm-3 Ne/NmF2 Tn/K  Ti/K  Te/K  O+  N+  H+ He+ O2+ NO+ Clust TEC t/%
  50.0      -1 -1.000    -1    -1    -1  -1  -1  -1  -1  -1  -1  -1   9.4  74
  51.0       0  0.000    -1    -1    -1  -1  -1  -1  -1  -1  -1  -1   9.4  74
  52.0       0  0.000    -1    -1    -1  -1  -1  -1  -1  -1  -1  -1   9.4  74
  53.0       0  0.000    -1    -1    -1  -1  -1  -1  -1  -1  -1  -1   9.4  74
  54.0       1  0.000    -1    -1    -1  -1  -1  -1  -1  -1  -1  -1   9.4  74
  55.0       1  0.000    -1    -1    -1  -1  -1  -1  -1  -1  -1  -1   9.4  74
  56.0       2  0.000    -1    -1    -1  -1  -1  -1  -1  -1  -1  -1   9.4  74
  57.0       3  0.000    -1    -1    -1  -1  -1  -1  -1  -1  -1  -1   9.4  74
  58.0       4  0.000    -1    -1    -1  -1  -1  -1  -1  -1  -1  -1   9.4  74
  59.0       7  0.000    -1    -1    -1  -1  -1  -1  -1  -1  -1  -1   9.4  74
  60.0      10  0.000   237   237   237  -1  -1  -1  -1  -1  -1  -1   9.4  74
  61.0      15  0.000   235   235   235  -1  -1  -1  -1  -1  -1  -1   9.4  74
  62.0      22  0.000   233   233   233  -1  -1  -1  -1  -1  -1  -1   9.4  74
  63.0      30  0.000   232   232   232  -1  -1  -1  -1  -1  -1  -1   9.4  74
  64.0      40  0.000   230   230   230  -1  -1  -1  -1  -1  -1  -1   9.4  74
  65.0      53  0.000   228   228   228  -1  -1  -1  -1  -1  -1  -1   9.4  74
  66.0      68  0.000   227   227   227  -1  -1  -1  -1  -1  -1  -1   9.4  74
  67.0      85  0.000   226   226   226  -1  -1  -1  -1  -1  -1  -1   9.4  74
  68.0     104  0.000   224   224   224  -1  -1  -1  -1  -1  -1  -1   9.4  74
  69.0     126  0.000   223   223   223  -1  -1  -1  -1  -1  -1  -1   9.4  74
  70.0     148  0.000   222   222   222  -1  -1  -1  -1  -1  -1  -1   9.4  74
  71.0     172  0.000   221   221   221  -1  -1  -1  -1  -1  -1  -1   9.4  74
  72.0     197  0.000   220   220   220  -1  -1  -1  -1  -1  -1  -1   9.4  74
  73.0     221  0.001   220   220   220  -1  -1  -1  -1  -1  -1  -1   9.4  74
  74.0     246  0.001   219   219   219  -1  -1  -1  -1  -1  -1  -1   9.4  74
  75.0     270  0.001   218   218   218  -1  -1  -1  -1  -1  -1  -1   9.4  74
  76.0     293  0.001   217   217   217  -1  -1  -1  -1  -1  -1  -1   9.4  74
  77.0     315  0.001   216   216   216  -1  -1  -1  -1  -1  -1  -1   9.4  74
  78.0     337  0.001   215   215   215  -1  -1  -1  -1  -1  -1  -1   9.4  74
  79.0     357  0.001   214   214   214  -1  -1  -1  -1  -1  -1  -1   9.4  74
  80.0     377  0.001   213   213   213   0   0   0   0   2 998  -1   9.4  74
  81.0     396  0.001   212   212   212   0   0   0   0   3 997  -1   9.4  74
  82.0     417  0.001   211   211   211   0   0   0   0   3 997  -1   9.4  74
  83.0     455  0.001   209   209   209   0   0   0   0   4 996  -1   9.4  74
  84.0     541  0.001   208   208   208   0   0   0   0   4 996  -1   9.4  74
  85.0     738  0.002   206   206   206   0   0   0   0   6 994  -1   9.4  74
  86.0    1207  0.003   204   204   204   0   0   0   0  10 990  -1   9.4  74
  87.0    2047  0.005   202   202   202   0   0   0   0  17 983  -1   9.4  74
  88.0    3310  0.008   200   200   200   0   0   0   0  27 973  -1   9.4  74
  89.0    5115  0.013   198   198   198   0   0   0   0  41 959  -1   9.4  74
  90.0    7571  0.019   196   196   196   0   0   0   0  61 939  -1   9.4  74
  91.0   10760  0.027   193   193   193   0   0   0   0  85 915  -1   9.4  74
  92.0   14722  0.037   191   191   191   0   0   0   0 113 887  -1   9.4  74
  93.0   19434  0.049   189   189   189   0   0   0   0 148 852  -1   9.4  74
  94.0   24809  0.063   187   187   187   0   0   0   0 183 817  -1   9.4  74
  95.0   30701  0.077   185   185   185   0   0   0   0 220 780  -1   9.4  74
  96.0   36911  0.093   183   183   183   0   0   0   0 258 742  -1   9.4  74
  97.0   43212  0.109   182   182   182   0   0   0   0 298 702  -1   9.4  74
  98.0   49373  0.125   181   181   181   0   0   0   0 337 663  -1   9.4  74
  99.0   55174  0.139   181   181   181   0   0   0   0 373 627  -1   9.4  74
 100.0   60438  0.153   181   181   181   0   0   0   0 405 595  -1   9.4  74
 101.0   65031  0.164   182   182   182   0   0   0   0 432 568  -1   9.4  74
 102.0   68878  0.174   184   184   184   0   0   0   0 453 547  -1   9.4  74
 103.0   71959  0.182   186   186   186   0   0   0   0 470 530  -1   9.4  74
 104.0   74302  0.188   190   190   190   0   0   0   0 481 519  -1   9.4  74
 105.0   75975  0.192   193   193   193   0   0   0   0 488 512  -1   9.4  74
 106.0   77077  0.195   198   198   198   0   0   0   0 490 510  -1   9.4  74
 107.0   77723  0.196   203   203   203   0   0   0   0 489 511  -1   9.4  74
 108.0   78037  0.197   209   209   209   0   0   0   0 485 515  -1   9.4  74
 109.0   78144  0.197   216   216   216   0   0   0   0 478 522  -1   9.4  74
 110.0   78157  0.197   224   224   224   0   0   0   0 469 530  -1   9.4  74
 111.0   77905  0.197   233   233   233   0   0   0   0 458 541  -1   9.4  74
 112.0   77221  0.195   242   242   242   0   0   0   0 445 554  -1   9.4  74
 113.0   76215  0.192   253   253   253   0   0   0   0 430 569  -1   9.4  74
 114.0   75004  0.189   265   265   265   0   0   0   0 415 584  -1   9.4  74
 115.0   73705  0.186   278   278   278   1   0   0   0 399 600  -1   9.4  74
 116.0   72430  0.183   293   293   293   1   0   0   0 385 614  -1   9.4  74
 117.0   71286  0.180   308   308   308   1   0   0   0 371 627  -1   9.4  74
 118.0   70365  0.178   324   324   324   1   0   0   0 360 638  -1   9.4  74
 119.0   69749  0.176   341   341   341   1   0   0   0 351 647  -1   9.4  74
 120.0   69496  0.175   358   358   358   1   0   0   0 345 653  -1   9.4  74
 121.0   69645  0.176   374   374   374   2   0   0   0 342 655  -1   9.4  74
 122.0   70208  0.177   390   390   390   2   0   0   0 342 655  -1   9.4  74
 123.0   71164  0.180   404   404   404   2   0   0   0 345 651  -1   9.4  74
 124.0   72460  0.183   415   415   415   3   0   0   0 351 645  -1   9.4  74
 125.0   74005  0.187   426   426   426   3   0   0   0 357 639  -1   9.4  74
 126.0   75664  0.191   436   436   440   4   0   0   0 363 633  -1   9.4  74
 127.0   77258  0.195   447   447   454   4   0   0   0 368 627  -1   9.4  74
 128.0   78515  0.198   456   456   467   5   0   0   0 372 622  -1   9.4  74
 129.0   79564  0.201   466   466   481   5   0   0   0 375 618  -1   9.4  74
 130.0   80638  0.204   475   475   495   6   0   0   0 378 615  -1   9.4  74
 131.0   81738  0.206   484   484   508   7   0   0   0 380 612  -1   9.4  74
 132.0   82865  0.209   493   493   522   8   0   0   0 381 609  -1   9.4  74
 133.0   84021  0.212   501   501   536   9   0   0   0 382 607  -1   9.4  74
 134.0   85207  0.215   510   510   550  10   0   0   0 382 606  -1   9.4  74
 135.0   86425  0.218   518   518   563  11   0   0   0 381 605  -1   9.4  74
 136.0   87676  0.221   525   525   577  13   0   0   0 380 605  -1   9.4  74
 137.0   88962  0.225   533   533   591  14   1   0   0 379 604  -1   9.4  74
 138.0   90286  0.228   540   540   604  16   1   0   0 377 604  -1   9.4  74
 139.0   91649  0.231   547   547   618  18   1   0   0 375 604  -1   9.4  74
 140.0   93053  0.235   554   554   632  20   1   0   0 372 604  -1   9.4  74
 141.0   94502  0.238   561   561   646  23   1   0   0 369 604  -1   9.4  74
 142.0   95999  0.242   567   567   659  25   1   0   0 367 604  -1   9.4  74
 143.0   97547  0.246   573   573   673  28   1   0   0 364 604  -1   9.4  74
 144.0   99149  0.250   579   579   687  31   1   0   0 361 603  -1   9.4  74
 145.0  100810  0.254   585   585   700  35   1   0   0 358 602  -1   9.4  74
 146.0  102535  0.259   591   591   714  39   1   0   0 355 601  -1   9.4  74
 147.0  104329  0.263   596   596   728  43   1   0   0 352 600  -1   9.4  74
 148.0  106199  0.268   602   602   741  47   1   0   0 349 598  -1   9.4  74
 149.0  108152  0.273   607   607   755  52   1   0   0 346 596  -1   9.4  74
 150.0  110197  0.278   612   612   769  57   1   0   0 343 594  -1   9.4  74
 151.0  112344  0.284   617   617   783  62   1   0   0 340 591  -1   9.4  74
 152.0  114606  0.289   621   621   796  68   2   0   0 337 588  -1   9.4  74
 153.0  116998  0.295   626   626   810  74   2   0   0 333 585  -1   9.4  74
 154.0  119540  0.302   630   630   824  81   2   0   0 329 583  -1   9.4  74
 155.0  122255  0.309   635   635   837  89   2   0   0 324 579  -1   9.4  74
 156.0  125177  0.316   639   639   851  96   2   0   0 320 576  -1   9.4  74
 157.0  128348  0.324   643   643   865 105   2   0   0 315 571  -1   9.4  74
 158.0  131831  0.333   647   647   878 114   2   0   0 311 566  -1   9.4  74
 159.0  135717  0.343   651   651   892 124   2   0   0 307 560  -1   9.4  74
 160.0  140157  0.354   654   654   906 135   2   0   0 302 553  -1   9.4  74
 161.0  145218  0.366   658   658   920 147   3   0   0 298 545  -1   9.4  74
 162.0  150413  0.380   661   661   933 160   3   0   0 293 536  -1   9.4  74
 163.0  155691  0.393   665   665   947 173   3   0   0 288 527  -1   9.4  74
 164.0  161047  0.406   668   668   961 187   3   0   0 283 518  -1   9.4  74
 165.0  166477  0.420   671   671   974 201   3   0   0 278 508  -1   9.4  74
 166.0  171977  0.434   674   674   988 216   3   0   0 273 498  -1   9.4  74
 167.0  177542  0.448   677   677  1002 232   3   0   0 267 488  -1   9.4  74
 168.0  183166  0.462   680   680  1016 248   3   0   0 261 477  -1   9.4  74
 169.0  188844  0.477   683   683  1029 265   4   0   0 255 466  -1   9.4  74
 170.0  194571  0.491   685   685  1043 282   4   0   0 249 454  -1   9.4  74
 171.0  200340  0.506   688   688  1057 299   4   0   0 243 442  -1   9.4  74
 172.0  206146  0.520   691   691  1070 317   4   0   0 237 430  -1   9.4  74
 173.0  211982  0.535   693   693  1084 335   4   0   0 231 418  -1   9.4  74
 174.0  217842  0.550   696   696  1098 354   4   0   0 224 406  -1   9.4  74
 175.0  223719  0.565   698   698  1111 372   4   0   0 218 394  -1   9.4  74
 176.0  229607  0.579   700   700  1125 391   4   0   0 211 381  -1   9.4  74
 177.0  235497  0.594   702   702  1139 410   5   0   0 205 369  -1   9.4  74
 178.0  241383  0.609   704   704  1153 428   5   0   0 198 356  -1   9.4  74
 179.0  247258  0.624   707   707  1166 447   5   0   0 192 344  -1   9.4  74
 180.0  253113  0.639   709   709  1180 466   5   0   0 185 332  -1   9.4  74
 181.0  258943  0.653   711   711  1194 484   5   0   0 179 320  -1   9.4  74
 182.0  264738  0.668   712   712  1207 502   5   0   0 173 308  -1   9.4  74
 183.0  270492  0.683   714   714  1221 521   5   0   0 166 296  -1   9.4  74
 184.0  276196  0.697   716   716  1235 538   5   0   0 160 284  -1   9.4  74
 185.0  281843  0.711   718   718  1248 556   5   0   0 154 273  -1   9.4  74
 186.0  287426  0.725   719   719  1262 573   5   0   0 147 262  -1   9.4  74
 187.0  292936  0.739   721   721  1275 590   5   0   0 142 251  -1   9.4  74
 188.0  298366  0.753   723   723  1289 606   5   0   0 136 240  -1   9.4  74
 189.0  303708  0.766   724   724  1303 622   5   0   0 130 230  -1   9.4  74
 190.0  308956  0.780   726   726  1316 638   5   0   0 125 220  -1   9.4  74
 191.0  314101  0.793   727   727  1330 653   5   0   0 119 211  -1   9.4  74
 192.0  319137  0.805   728   728  1343 667   5   0   0 114 201  -1   9.4  74
 193.0  324057  0.818   730   730  1357 681   5   0   0 109 192  -1   9.4  74
 194.0  328854  0.830   731   731  1370 695   5   0   0 105 184  -1   9.4  74
 195.0  333521  0.842   732   732  1383 708   5   0   0 100 175  -1   9.4  74
 196.0  338052  0.853   734   734  1397 721   5   0   0  96 167  -1   9.4  74
 197.0  342441  0.864   735   735  1410 733   5   0   0  91 160  -1   9.4  74
 198.0  346683  0.875   736   736  1423 744   5   0   0  87 152  -1   9.4  74
 199.0  350772  0.885   737   737  1436 756   5   0   0  83 145  -1   9.4  74
 200.0  354702  0.895   738   738  1448 766   5   0   0  80 138  -1   9.4  74
 201.0  358469  0.905   739   739  1461 777   5   0   0  76 132  -1   9.4  74
 202.0  362069  0.914   740   740  1473 786   5   0   0  73 126  -1   9.4  74
 203.0  365498  0.922   741   741  1485 796   5   0   0  70 120  -1   9.4  74
 204.0  368752  0.931   742   742  1497 805   5   0   0  66 114  -1   9.4  74
 205.0  371827  0.938   743   743  1508 813   5   0   0  63 109  -1   9.4  74
 206.0  374722  0.946   744   744  1520 822   5   0   0  61 104  -1   9.4  74
 207.0  377433  0.953   745   745  1530 830   5   0   0  58  99  -1   9.4  74
 208.0  379959  0.959   746   746  1541 837   5   0   0  55  94  -1   9.4  74
 209.0  382299  0.965   747   747  1551 844   5   0   0  53  90  -1   9.4  74
 210.0  384452  0.970   747   747  1560 851   5   0   0  50  86  -1   9.4  74
 211.0  386417  0.975   748   748  1570 858   5   0   0  48  82  -1   9.4  74
 212.0  388196  0.980   749   749  1578 864   5   0   0  46  78  -1   9.4  74
 213.0  389788  0.984   750   750  1587 870   5   0   0  44  74  -1   9.4  74
 214.0  391195  0.987   750   750  1595 875   5   0   0  42  71  -1   9.4  74
 215.0  392419  0.990   751   751  1603 881   5   0   0  40  67  -1   9.4  74
 216.0  393464  0.993   752   752  1610 886   5   0   0  38  64  -1   9.4  74
 217.0  394332  0.995   752   752  1618 891   5   0   0  37  61  -1   9.4  74
 218.0  395029  0.997   753   753  1625 895   5   0   0  35  58  -1   9.4  74
 219.0  395559  0.998   754   754  1632 900   5   0   0  34  56  -1   9.4  74
 220.0  395931  0.999   754   755  1638 904   5   0   0  32  53  -1   9.4  74
 221.0  396154  1.000   755   756  1645 908   5   0   0  31  51  -1   9.4  74
 222.0  396240  1.000   755   756  1651 912   5   0   0  29  48  -1   9.4  74
 223.0  396223  1.000   756   757  1657 915   5   0   0  28  46  -1   9.4  74
 224.0  396133  1.000   756   758  1664 919   5   0   0  27  44  -1   9.4  74
 225.0  395974  0.999   757   759  1670 922   5   0   0  26  42  -1   9.4  74
 226.0  395746  0.999   757   760  1676 925   5   0   0  25  40  -1   9.4  74
 227.0  395451  0.998   758   761  1682 928   5   0   0  24  38  -1   9.4  74
 228.0  395089  0.997   758   761  1688 931   5   0   0  23  37  -1   9.4  74
 229.0  394662  0.996   759   762  1694 934   5   0   0  22  35  -1   9.4  74
 230.0  394170  0.995   759   763  1699 936   5   0   0  21  33  -1   9.4  74
 231.0  393616  0.993   760   764  1705 939   5   0   0  20  32  -1   9.4  74
 232.0  393001  0.992   760   765  1711 941   5   0   0  19  31  -1   9.4  74
 233.0  392324  0.990   761   766  1717 944   5   0   0  18  29  -1   9.4  74
 234.0  391589  0.988   761   766  1723 946   5   0   0  18  28  -1   9.4  74
 235.0  390796  0.986   761   767  1729 948   5   0   0  17  27  -1   9.4  74
 236.0  389947  0.984   762   768  1734 950   5   0   0  16  25  -1   9.4  74
 237.0  389043  0.982   762   769  1740 952   5   0   0  16  24  -1   9.4  74
 238.0  388085  0.979   762   770  1746 953   5   0   0  15  24  -1   9.4  74
 239.0  387074  0.977   763   771  1752 954   5   0   0  14  23  -1   9.4  74
 240.0  386013  0.974   763   771  1757 955   5   0   0  14  22  -1   9.4  74
 241.0  384901  0.971   763   772  1763 956   6   0   0  13  22  -1   9.4  74
 242.0  383742  0.968   764   773  1769 957   6   0   0  13  21  -1   9.4  74
 243.0  382535  0.965   764   774  1775 958   6   0   0  13  21  -1   9.4  74
 244.0  381283  0.962   764   775  1781 959   6   0   0  12  20  -1   9.4  74
 245.0  379987  0.959   765   776  1786 960   6   0   0  12  19  -1   9.4  74
 246.0  378647  0.956   765   776  1792 960   6   0   0  11  19  -1   9.4  74
 247.0  377266  0.952   765   777  1798 961   6   0   0  11  18  -1   9.4  74
 248.0  375845  0.949   765   778  1804 962   6   0   0  11  18  -1   9.4  74
 249.0  374385  0.945   766   779  1809 963   6   0   0  10  18  -1   9.4  74
 250.0  372887  0.941   766   780  1815 963   7   0   0  10  17  -1   9.4  74
 251.0  371353  0.937   766   781  1821 964   7   0   0  10  17  -1   9.4  74
 252.0  369784  0.933   766   781  1827 965   7   0   0   9  16  -1   9.4  74
 253.0  368182  0.929   767   782  1832 965   7   0   0   9  16  -1   9.4  74
 254.0  366546  0.925   767   783  1838 966   7   0   0   9  15  -1   9.4  74
 255.0  364880  0.921   767   784  1844 966   7   0   0   8  15  -1   9.4  74
 256.0  363184  0.917   767   785  1850 967   7   0   0   8  15  -1   9.4  74
 257.0  361459  0.912   767   786  1855 968   7   0   0   8  14  -1   9.4  74
 258.0  359706  0.908   768   786  1861 968   8   0   0   8  14  -1   9.4  74
 259.0  357928  0.903   768   787  1867 968   8   0   0   7  13  -1   9.4  74
 260.0  356124  0.899   768   788  1873 969   8   0   0   7  13  -1   9.4  74
 261.0  354296  0.894   768   789  1878 969   8   0   0   7  13  -1   9.4  74
 262.0  352445  0.889   768   790  1884 970   8   0   0   7  13  -1   9.4  74
 263.0  350573  0.885   768   791  1890 970   8   0   0   7  12  -1   9.4  74
 264.0  348681  0.880   769   791  1896 971   8   0   0   6  12  -1   9.4  74
 265.0  346768  0.875   769   792  1901 971   8   0   0   6  12  -1   9.4  74
 266.0  344838  0.870   769   793  1907 971   9   0   0   6  11  -1   9.4  74
 267.0  342890  0.865   769   794  1913 972   9   0   0   6  11  -1   9.4  74
 268.0  340925  0.860   769   795  1919 972   9   0   0   6  11  -1   9.4  74
 269.0  338946  0.855   769   796  1924 972   9   0   0   5  11  -1   9.4  74
 270.0  336952  0.850   770   796  1930 973   9   0   0   5  10  -1   9.4  74
 271.0  334945  0.845   770   797  1936 973   9   0   0   5  10  -1   9.4  74
 272.0  332925  0.840   770   798  1942 973   9   0   0   5  10  -1   9.4  74
 273.0  330894  0.835   770   799  1947 974   9   0   0   5  10  -1   9.4  74
 274.0  328852  0.830   770   800  1953 974  10   0   0   5   9  -1   9.4  74
 275.0  326800  0.825   770   801  1959 974  10   0   0   5   9  -1   9.4  74
 276.0  324740  0.820   770   801  1965 974  10   0   0   4   9  -1   9.4  74
 277.0  322672  0.814   770   802  1970 975  10   0   0   4   9  -1   9.4  74
 278.0  320596  0.809   770   803  1976 975  10   0   0   4   8  -1   9.4  74
 279.0  318514  0.804   771   804  1982 975  10   0   0   4   8  -1   9.4  74
 280.0  316427  0.799   771   805  1988 975  10   0   0   4   8  -1   9.4  74
 281.0  314334  0.793   771   805  1993 975  11   0   0   4   8  -1   9.4  74
 282.0  312238  0.788   771   806  1999 976  11   0   0   4   8  -1   9.4  74
 283.0  310138  0.783   771   807  2005 976  11   0   0   4   7  -1   9.4  74
 284.0  308035  0.777   771   808  2011 976  11   0   0   4   7  -1   9.4  74
 285.0  305930  0.772   771   809  2016 976  11   0   0   3   7  -1   9.4  74
 286.0  303824  0.767   771   810  2022 976  11   0   0   3   7  -1   9.4  74
 287.0  301717  0.761   771   810  2028 976  11   0   0   3   7  -1   9.4  74
 288.0  299611  0.756   771   811  2034 976  12   0   0   3   7  -1   9.4  74
 289.0  297504  0.751   771   812  2039 977  12   0   0   3   6  -1   9.4  74
 290.0  295399  0.745   771   813  2045 977  12   0   0   3   6  -1   9.4  74
 291.0  293295  0.740   772   814  2051 977  12   0   0   3   6  -1   9.4  74
 292.0  291193  0.735   772   815  2057 977  12   0   0   3   6  -1   9.4  74
 293.0  289094  0.730   772   815  2062 977  12   0   0   3   6  -1   9.4  74
 294.0  286999  0.724   772   816  2068 977  12   0   0   3   6  -1   9.4  74
 295.0  284906  0.719   772   817  2074 977  12   0   0   3   6  -1   9.4  74
 296.0  282819  0.714   772   818  2080 977  13   0   0   2   5  -1   9.4  74
 297.0  280735  0.708   772   819  2085 977  13   0   0   2   5  -1   9.4  74
 298.0  278657  0.703   772   820  2091 977  13   0   0   2   5  -1   9.4  74
 299.0  276584  0.698   772   820  2097 978  13   0   0   2   5  -1   9.4  74
 300.0  274517  0.693   772   821  2103 979  17   1   2   0   0  -1   9.4  74
 301.0  272456  0.688   772   822  2108 979  17   1   2   0   0  -1   9.4  74
 302.0  270402  0.682   772   823  2114 979  18   1   2   0   0  -1   9.4  74
 303.0  268355  0.677   772   824  2120 979  18   2   2   0   0  -1   9.4  74
 304.0  266315  0.672   772   825  2126 979  18   2   2   0   0  -1   9.4  74
 305.0  264283  0.667   772   825  2131 979  18   2   2   0   0  -1   9.4  74
 306.0  262259  0.662   772   826  2137 979  18   2   2   0   0  -1   9.4  74
 307.0  260243  0.657   772   827  2143 979  18   2   2   0   0  -1   9.4  74
 308.0  258236  0.652   773   828  2149 979  18   2   2   0   0  -1   9.4  74
 309.0  256238  0.647   773   829  2154 978  18   2   2   0   0  -1   9.4  74
 310.0  254249  0.642   773   830  2160 978  18   2   2   0   0  -1   9.4  74
 311.0  252269  0.637   773   830  2166 978  18   2   2   0   0  -1   9.4  74
 312.0  250299  0.632   773   831  2172 978  18   2   2   0   0  -1   9.4  74
 313.0  248338  0.627   773   832  2177 978  18   2   2   0   0  -1   9.4  74
 314.0  246388  0.622   773   833  2183 978  18   2   2   0   0  -1   9.4  74
 315.0  244448  0.617   773   834  2189 978  18   2   2   0   0  -1   9.4  74
 316.0  242518  0.612   773   835  2195 978  18   2   2   0   0  -1   9.4  74
 317.0  240600  0.607   773   835  2200 978  19   2   2   0   0  -1   9.4  74
 318.0  238691  0.602   773   836  2206 977  19   2   2   0   0  -1   9.4  74
 319.0  236794  0.598   773   837  2212 977  19   2   2   0   0  -1   9.4  74
 320.0  234909  0.593   773   838  2218 977  19   2   2   0   0  -1   9.4  74
 321.0  233034  0.588   773   839  2223 977  19   2   2   0   0  -1   9.4  74
 322.0  231171  0.583   773   840  2229 977  19   2   2   0   0  -1   9.4  74
 323.0  229319  0.579   773   840  2235 977  19   2   2   0   0  -1   9.4  74
 324.0  227479  0.574   773   841  2241 977  19   2   2   0   0  -1   9.4  74
 325.0  225651  0.569   773   842  2246 977  19   2   2   0   0  -1   9.4  74
 326.0  223835  0.565   773   843  2252 977  19   2   2   0   0  -1   9.4  74
 327.0  222031  0.560   773   844  2258 976  19   2   2   0   0  -1   9.4  74
 328.0  220239  0.556   773   845  2263 976  19   2   2   0   0  -1   9.4  74
 329.0  218459  0.551   773   845  2269 976  19   2   2   0   0  -1   9.4  74
 330.0  216691  0.547   773   846  2275 976  19   2   2   0   0  -1   9.4  74
 331.0  214935  0.542   773   847  2281 976  19   2   2   0   0  -1   9.4  74
 332.0  213192  0.538   773   848  2286 976  19   2   2   0   0  -1   9.4  74
 333.0  211462  0.534   773   849  2292 976  20   2   2   0   0  -1   9.4  74
 334.0  209743  0.529   773   850  2298 976  20   2   2   0   0  -1   9.4  74
 335.0  208038  0.525   773   850  2303 975  20   2   2   0   0  -1   9.4  74
 336.0  206344  0.521   773   851  2309 975  20   2   2   0   0  -1   9.4  74
 337.0  204664  0.517   773   852  2315 975  20   2   2   0   0  -1   9.4  74
 338.0  202996  0.512   773   853  2320 975  20   2   3   0   0  -1   9.4  74
 339.0  201340  0.508   773   854  2326 975  20   2   3   0   0  -1   9.4  74
 340.0  199697  0.504   773   855  2332 975  20   3   3   0   0  -1   9.4  74
 341.0  198067  0.500   773   855  2337 975  20   3   3   0   0  -1   9.4  74
 342.0  196450  0.496   773   856  2343 975  20   3   3   0   0  -1   9.4  74
 343.0  194845  0.492   773   857  2348 974  20   3   3   0   0  -1   9.4  74
 344.0  193252  0.488   773   858  2354 974  20   3   3   0   0  -1   9.4  74
 345.0  191673  0.484   774   859  2359 974  20   3   3   0   0  -1   9.4  74
 346.0  190105  0.480   774   860  2364 974  20   3   3   0   0  -1   9.4  74
 347.0  188551  0.476   774   861  2370 974  21   3   3   0   0  -1   9.4  74
 348.0  187009  0.472   774   862  2375 974  21   3   3   0   0  -1   9.4  74
 349.0  185480  0.468   774   862  2380 974  21   3   3   0   0  -1   9.4  74
 350.0  183963  0.464   774   863  2385 974  21   3   3   0   0  -1   9.4  74
 351.0  182458  0.460   774   864  2390 973  21   3   3   0   0  -1   9.4  74
 352.0  180966  0.457   774   865  2395 973  21   3   3   0   0  -1   9.4  74
 353.0  179487  0.453   774   866  2400 973  21   3   3   0   0  -1   9.4  74
 354.0  178020  0.449   774   867  2404 973  21   3   3   0   0  -1   9.4  74
 355.0  176565  0.446   774   868  2409 973  21   3   3   0   0  -1   9.4  74
 356.0  175123  0.442   774   869  2414 973  21   3   3   0   0  -1   9.4  74
 357.0  173692  0.438   774   870  2418 973  21   3   3   0   0  -1   9.4  74
 358.0  172274  0.435   774   871  2423 972  21   3   3   0   0  -1   9.4  74
 359.0  170868  0.431   774   872  2427 972  21   3   3   0   0  -1   9.4  74
 360.0  169475  0.428   774   872  2432 972  21   3   3   0   0  -1   9.4  74
 361.0  168093  0.424   774   873  2436 972  22   3   3   0   0  -1   9.4  74
 362.0  166723  0.421   774   874  2440 972  22   3   3   0   0  -1   9.4  74
 363.0  165365  0.417   774   875  2445 972  22   3   3   0   0  -1   9.4  74
 364.0  164019  0.414   774   876  2449 971  22   4   3   0   0  -1   9.4  74
 365.0  162685  0.411   774   877  2453 971  22   4   3   0   0  -1   9.4  74
 366.0  161363  0.407   774   878  2458 971  22   4   3   0   0  -1   9.4  74
 367.0  160052  0.404   774   879  2462 971  22   4   3   0   0  -1   9.4  74
 368.0  158753  0.401   774   880  2466 971  22   4   3   0   0  -1   9.4  74
 369.0  157465  0.397   774   881  2471 971  22   4   3   0   0  -1   9.4  74
 370.0  156189  0.394   774   882  2475 971  22   4   3   0   0  -1   9.4  74
 371.0  154924  0.391   774   883  2479 970  22   4   3   0   0  -1   9.4  74
 372.0  153671  0.388   774   884  2483 970  22   4   3   0   0  -1   9.4  74
 373.0  152428  0.385   774   885  2488 970  22   4   3   0   0  -1   9.4  74
 374.0  151197  0.382   774   886  2492 970  23   4   4   0   0  -1   9.4  74
 375.0  149978  0.378   774   887  2496 970  23   4   4   0   0  -1   9.4  74
 376.0  148769  0.375   774   888  2501 970  23   4   4   0   0  -1   9.4  74
 377.0  147571  0.372   774   888  2505 969  23   4   4   0   0  -1   9.4  74
 378.0  146384  0.369   774   889  2509 969  23   4   4   0   0  -1   9.4  74
 379.0  145207  0.366   774   890  2513 969  23   4   4   0   0  -1   9.4  74
 380.0  144042  0.364   774   891  2518 969  23   4   4   0   0  -1   9.4  74
 381.0  142887  0.361   774   892  2522 969  23   4   4   0   0  -1   9.4  74
 382.0  141743  0.358   774   893  2526 969  23   5   4   0   0  -1   9.4  74
 383.0  140609  0.355   774   894  2530 968  23   5   4   0   0  -1   9.4  74
 384.0  139485  0.352   774   895  2535 968  23   5   4   0   0  -1   9.4  74
 385.0  138372  0.349   774   896  2539 968  23   5   4   0   0  -1   9.4  74
 386.0  137269  0.346   774   897  2543 968  23   5   4   0   0  -1   9.4  74
 387.0  136177  0.344   774   898  2547 968  24   5   4   0   0  -1   9.4  74
 388.0  135094  0.341   774   899  2552 967  24   5   4   0   0  -1   9.4  74
 389.0  134022  0.338   774   900  2556 967  24   5   4   0   0  -1   9.4  74
 390.0  132959  0.336   774   901  2560 967  24   5   4   0   0  -1   9.4  74
 391.0  131906  0.333   774   902  2564 967  24   5   4   0   0  -1   9.4  74
 392.0  130863  0.330   774   903  2569 967  24   5   4   0   0  -1   9.4  74
 393.0  129830  0.328   774   904  2573 966  24   5   4   0   0  -1   9.4  74
 394.0  128806  0.325   774   905  2577 966  24   5   4   0   0  -1   9.4  74
 395.0  127791  0.323   774   906  2581 966  24   5   4   0   0  -1   9.4  74
 396.0  126787  0.320   774   906  2586 966  24   6   4   0   0  -1   9.4  74
 397.0  125791  0.317   774   907  2590 966  24   6   4   0   0  -1   9.4  74
 398.0  124805  0.315   774   908  2594 965  24   6   4   0   0  -1   9.4  74
 399.0  123828  0.313   774   909  2598 965  25   6   4   0   0  -1   9.4  74
 400.0  122860  0.310   774   910  2603 965  25   6   4   0   0  -1   9.4  74
 401.0  121901  0.308   774   911  2607 965  25   6   5   0   0  -1   9.4  74
 402.0  120951  0.305   774   912  2611 965  25   6   5   0   0  -1   9.4  74
 403.0  120010  0.303   774   913  2615 964  25   6   5   0   0  -1   9.4  74
 404.0  119078  0.301   774   914  2620 964  25   6   5   0   0  -1   9.4  74
 405.0  118154  0.298   774   915  2624 964  25   6   5   0   0  -1   9.4  74
 406.0  117240  0.296   774   916  2628 964  25   6   5   0   0  -1   9.4  74
 407.0  116333  0.294   774   917  2632 964  25   6   5   0   0  -1   9.4  74
 408.0  115435  0.291   774   918  2637 963  25   7   5   0   0  -1   9.4  74
 409.0  114546  0.289   774   919  2641 963  25   7   5   0   0  -1   9.4  74
 410.0  113665  0.287   774   920  2645 963  25   7   5   0   0  -1   9.4  74
 411.0  112792  0.285   774   921  2649 963  26   7   5   0   0  -1   9.4  74
 412.0  111927  0.282   774   922  2653 962  26   7   5   0   0  -1   9.4  74
 413.0  111071  0.280   774   923  2658 962  26   7   5   0   0  -1   9.4  74
 414.0  110222  0.278   774   924  2662 962  26   7   5   0   0  -1   9.4  74
 415.0  109382  0.276   774   925  2666 962  26   7   5   0   0  -1   9.4  74
 416.0  108549  0.274   774   926  2670 962  26   7   5   0   0  -1   9.4  74
 417.0  107724  0.272   774   927  2675 961  26   7   5   0   0  -1   9.4  74
 418.0  106907  0.270   774   928  2679 961  26   7   5   0   0  -1   9.4  74
 419.0  106097  0.268   774   929  2683 961  26   8   5   0   0  -1   9.4  74
 420.0  105295  0.266   774   930  2687 961  26   8   5   0   0  -1   9.4  74
 421.0  104500  0.264   774   931  2692 960  26   8   5   0   0  -1   9.4  74
 422.0  103713  0.262   774   933  2696 960  27   8   5   0   0  -1   9.4  74
 423.0  102934  0.260   774   934  2700 960  27   8   6   0   0  -1   9.4  74
 424.0  102161  0.258   774   935  2704 960  27   8   6   0   0  -1   9.4  74
 425.0  101396  0.256   774   937  2709 959  27   8   6   0   0  -1   9.4  74
 426.0  100638  0.254   774   938  2713 959  27   8   6   0   0  -1   9.4  74
 427.0   99887  0.252   774   940  2717 959  27   8   6   0   0  -1   9.4  74
 428.0   99143  0.250   774   941  2721 959  27   9   6   0   0  -1   9.4  74
 429.0   98406  0.248   774   943  2726 958  27   9   6   0   0  -1   9.4  74
 430.0   97676  0.247   774   945  2730 958  27   9   6   0   0  -1   9.4  74
 431.0   96952  0.245   774   947  2734 958  27   9   6   0   0  -1   9.4  74
 432.0   96236  0.243   774   949  2738 957  27   9   6   0   0  -1   9.4  74
 433.0   95526  0.241   774   951  2743 957  27   9   6   0   0  -1   9.4  74
 434.0   94822  0.239   774   953  2747 957  28   9   6   0   0  -1   9.4  74
 435.0   94125  0.238   774   955  2751 957  28   9   6   0   0  -1   9.4  74
 436.0   93435  0.236   774   957  2755 956  28  10   6   0   0  -1   9.4  74
 437.0   92751  0.234   774   960  2760 956  28  10   6   0   0  -1   9.4  74
 438.0   92073  0.232   774   962  2764 956  28  10   6   0   0  -1   9.4  74
 439.0   91402  0.231   774   965  2768 956  28  10   6   0   0  -1   9.4  74
 440.0   90737  0.229   774   967  2772 955  28  10   6   0   0  -1   9.4  74
 441.0   90078  0.227   774   970  2777 955  28  10   7   0   0  -1   9.4  74
 442.0   89425  0.226   774   972  2781 955  28  10   7   0   0  -1   9.4  74
 443.0   88778  0.224   774   975  2785 954  28  11   7   0   0  -1   9.4  74
 444.0   88137  0.222   774   977  2789 954  29  11   7   0   0  -1   9.4  74
 445.0   87502  0.221   774   980  2794 954  29  11   7   0   0  -1   9.4  74
 446.0   86873  0.219   774   983  2798 953  29  11   7   0   0  -1   9.4  74
 447.0   86250  0.218   774   985  2802 953  29  11   7   0   0  -1   9.4  74
 448.0   85632  0.216   774   988  2806 953  29  11   7   0   0  -1   9.4  74
 449.0   85020  0.215   774   991  2811 953  29  12   7   0   0  -1   9.4  74
 450.0   84414  0.213   774   993  2815 952  29  12   7   0   0  -1   9.4  74
 451.0   83813  0.212   774   996  2819 952  29  12   7   0   0  -1   9.4  74
 452.0   83218  0.210   774   999  2823 952  29  12   7   0   0  -1   9.4  74
 453.0   82628  0.209   774  1001  2828 951  29  12   7   0   0  -1   9.4  74
 454.0   82044  0.207   774  1004  2832 951  29  12   7   0   0  -1   9.4  74
 455.0   81465  0.206   774  1007  2836 951  30  12   7   0   0  -1   9.4  74
 456.0   80891  0.204   774  1010  2840 950  30  13   7   0   0  -1   9.4  74
 457.0   80323  0.203   774  1012  2845 950  30  13   8   0   0  -1   9.4  74
 458.0   79759  0.201   774  1015  2849 950  30  13   8   0   0  -1   9.4  74
 459.0   79201  0.200   774  1018  2853 949  30  13   8   0   0  -1   9.4  74
 460.0   78648  0.198   774  1020  2857 949  30  13   8   0   0  -1   9.4  74
 461.0   78100  0.197   774  1023  2862 948  30  14   8   0   0  -1   9.4  74
 462.0   77556  0.196   774  1026  2866 948  30  14   8   0   0  -1   9.4  74
 463.0   77018  0.194   774  1029  2870 948  30  14   8   0   0  -1   9.4  74
 464.0   76485  0.193   774  1031  2874 947  30  14   8   0   0  -1   9.4  74
 465.0   75956  0.192   774  1034  2879 947  31  14   8   0   0  -1   9.4  74
 466.0   75432  0.190   774  1037  2883 947  31  15   8   0   0  -1   9.4  74
 467.0   74913  0.189   774  1040  2887 946  31  15   8   0   0  -1   9.4  74
 468.0   74399  0.188   774  1042  2891 946  31  15   8   0   0  -1   9.4  74
 469.0   73889  0.186   774  1045  2896 946  31  15   8   0   0  -1   9.4  74
 470.0   73384  0.185   774  1048  2900 945  31  15   8   0   0  -1   9.4  74
 471.0   72883  0.184   774  1050  2904 945  31  16   9   0   0  -1   9.4  74
 472.0   72387  0.183   774  1053  2908 944  31  16   9   0   0  -1   9.4  74
 473.0   71895  0.181   774  1056  2913 944  31  16   9   0   0  -1   9.4  74
 474.0   71408  0.180   774  1059  2917 944  31  16   9   0   0  -1   9.4  74
 475.0   70925  0.179   774  1061  2921 943  31  16   9   0   0  -1   9.4  74
 476.0   70446  0.178   774  1064  2925 943  32  17   9   0   0  -1   9.4  74
 477.0   69972  0.177   774  1067  2930 942  32  17   9   0   0  -1   9.4  74
 478.0   69502  0.175   774  1070  2934 942  32  17   9   0   0  -1   9.4  74
 479.0   69036  0.174   774  1072  2938 942  32  17   9   0   0  -1   9.4  74
 480.0   68574  0.173   774  1075  2942 941  32  18   9   0   0  -1   9.4  74
 481.0   68116  0.172   774  1078  2947 941  32  18   9   0   0  -1   9.4  74
 482.0   67662  0.171   774  1080  2951 940  32  18   9   0   0  -1   9.4  74
 483.0   67213  0.170   774  1083  2955 940  32  18  10   0   0  -1   9.4  74
 484.0   66767  0.168   774  1086  2959 939  32  19  10   0   0  -1   9.4  74
 485.0   66325  0.167   774  1089  2964 939  32  19  10   0   0  -1   9.4  74
 486.0   65887  0.166   774  1091  2968 939  33  19  10   0   0  -1   9.4  74
 487.0   65453  0.165   774  1094  2972 938  33  19  10   0   0  -1   9.4  74
 488.0   65023  0.164   774  1097  2976 938  33  20  10   0   0  -1   9.4  74
 489.0   64596  0.163   774  1100  2981 937  33  20  10   0   0  -1   9.4  74
 490.0   64173  0.162   774  1102  2985 937  33  20  10   0   0  -1   9.4  74
 491.0   63754  0.161   774  1105  2989 936  33  20  10   0   0  -1   9.4  74
 492.0   63339  0.160   774  1108  2993 936  33  21  10   0   0  -1   9.4  74
 493.0   62927  0.159   774  1110  2998 935  33  21  10   0   0  -1   9.4  74
 494.0   62518  0.158   774  1113  3002 935  33  21  10   0   0  -1   9.4  74
 495.0   62114  0.157   774  1116  3006 935  34  21  11   0   0  -1   9.4  74
 496.0   61713  0.156   774  1119  3010 934  34  22  11   0   0  -1   9.4  74
 497.0   61315  0.155   774  1121  3014 934  34  22  11   0   0  -1   9.4  74
 498.0   60920  0.154   774  1124  3019 933  34  22  11   0   0  -1   9.4  74
 499.0   60530  0.153   774  1127  3023 933  34  23  11   0   0  -1   9.4  74
 500.0   60142  0.152   774  1130  3027 932  34  23  11   0   0  -1   9.4  74
 501.0   59758  0.151   774  1132  3031 932  34  23  11   0   0  -1   9.4  74
 502.0   59377  0.150   774  1135  3036 931  34  23  11   0   0  -1   9.4  74
 503.0   58999  0.149   774  1138  3040 931  34  24  11   0   0  -1   9.4  74
 504.0   58625  0.148   774  1140  3044 930  34  24  11   0   0  -1   9.4  74
 505.0   58254  0.147   774  1143  3048 930  35  24  11   0   0  -1   9.4  74
 506.0   57886  0.146   774  1146  3052 929  35  25  12   0   0  -1   9.4  74
 507.0   57521  0.145   774  1149  3057 929  35  25  12   0   0  -1   9.4  74
 508.0   57159  0.144   774  1151  3061 928  35  25  12   0   0  -1   9.4  74
 509.0   56801  0.143   774  1154  3065 928  35  26  12   0   0  -1   9.4  74
 510.0   56445  0.142   774  1157  3069 927  35  26  12   0   0  -1   9.4  74
 511.0   56092  0.142   774  1160  3073 927  35  26  12   0   0  -1   9.4  74
 512.0   55743  0.141   774  1162  3078 926  35  27  12   0   0  -1   9.4  74
 513.0   55396  0.140   774  1165  3082 925  35  27  12   0   0  -1   9.4  74
 514.0   55052  0.139   774  1168  3086 925  35  27  12   0   0  -1   9.4  74
 515.0   54711  0.138   774  1170  3090 924  36  28  12   0   0  -1   9.4  74
 516.0   54373  0.137   774  1173  3094 924  36  28  13   0   0  -1   9.4  74
 517.0   54038  0.136   774  1176  3098 923  36  28  13   0   0  -1   9.4  74
 518.0   53706  0.136   774  1179  3102 923  36  29  13   0   0  -1   9.4  74
 519.0   53376  0.135   774  1181  3106 922  36  29  13   0   0  -1   9.4  74
 520.0   53050  0.134   774  1184  3110 922  36  29  13   0   0  -1   9.4  74
 521.0   52725  0.133   774  1187  3115 921  36  30  13   0   0  -1   9.4  74
 522.0   52404  0.132   774  1190  3119 921  36  30  13   0   0  -1   9.4  74
 523.0   52085  0.131   774  1192  3123 920  36  30  13   0   0  -1   9.4  74
 524.0   51769  0.131   774  1195  3127 919  37  31  13   0   0  -1   9.4  74
 525.0   51456  0.130   774  1198  3130 919  37  31  13   0   0  -1   9.4  74
 526.0   51145  0.129   774  1200  3134 918  37  31  14   0   0  -1   9.4  74
 527.0   50837  0.128   774  1203  3138 918  37  32  14   0   0  -1   9.4  74
 528.0   50531  0.128   774  1206  3142 917  37  32  14   0   0  -1   9.4  74
 529.0   50228  0.127   774  1209  3146 917  37  32  14   0   0  -1   9.4  74
 530.0   49927  0.126   774  1211  3150 916  37  33  14   0   0  -1   9.4  74
 531.0   49629  0.125   774  1214  3154 916  37  33  14   0   0  -1   9.4  74
 532.0   49333  0.125   774  1217  3157 915  37  34  14   0   0  -1   9.4  74
 533.0   49040  0.124   774  1219  3161 914  37  34  14   0   0  -1   9.4  74
 534.0   48749  0.123   774  1222  3165 914  38  34  14   0   0  -1   9.4  74
 535.0   48460  0.122   774  1225  3168 913  38  35  14   0   0  -1   9.4  74
 536.0   48174  0.122   774  1228  3172 913  38  35  15   0   0  -1   9.4  74
 537.0   47890  0.121   774  1230  3175 912  38  35  15   0   0  -1   9.4  74
 538.0   47608  0.120   774  1233  3178 912  38  36  15   0   0  -1   9.4  74
 539.0   47329  0.119   774  1236  3182 911  38  36  15   0   0  -1   9.4  74
 540.0   47052  0.119   774  1239  3185 911  38  36  15   0   0  -1   9.4  74
 541.0   46777  0.118   774  1241  3188 910  38  37  15   0   0  -1   9.4  74
 542.0   46504  0.117   774  1244  3191 909  38  37  15   0   0  -1   9.4  74
 543.0   46234  0.117   774  1247  3194 909  38  37  15   0   0  -1   9.4  74
 544.0   45966  0.116   774  1249  3197 908  39  38  15   0   0  -1   9.4  74
 545.0   45700  0.115   774  1252  3200 908  39  38  15   0   0  -1   9.4  74
 546.0   45436  0.115   774  1255  3203 907  39  39  15   0   0  -1   9.4  74
 547.0   45174  0.114   774  1258  3205 907  39  39  16   0   0  -1   9.4  74
 548.0   44914  0.113   774  1260  3208 906  39  39  16   0   0  -1   9.4  74
 549.0   44656  0.113   774  1263  3210 906  39  40  16   0   0  -1   9.4  74
 550.0   44401  0.112   774  1266  3212 905  39  40  16   0   0  -1   9.4  74
 551.0   44147  0.111   774  1269  3215 904  39  40  16   0   0  -1   9.4  74
 552.0   43896  0.111   774  1271  3217 904  39  41  16   0   0  -1   9.4  74
 553.0   43646  0.110   774  1274  3219 903  39  41  16   0   0  -1   9.4  74
 554.0   43398  0.110   774  1277  3221 903  40  41  16   0   0  -1   9.4  74
 555.0   43153  0.109   774  1279  3223 902  40  42  16   0   0  -1   9.4  74
 556.0   42909  0.108   774  1282  3224 902  40  42  16   0   0  -1   9.4  74
 557.0   42667  0.108   774  1285  3226 901  40  42  16   0   0  -1   9.4  74
 558.0   42427  0.107   774  1288  3228 901  40  43  17   0   0  -1   9.4  74
 559.0   42189  0.106   774  1290  3229 900  40  43  17   0   0  -1   9.4  74
 560.0   41953  0.106   774  1293  3230 900  40  43  17   0   0  -1   9.4  74
 561.0   41719  0.105   774  1296  3232 899  40  44  17   0   0  -1   9.4  74
 562.0   41486  0.105   774  1298  3233 899  40  44  17   0   0  -1   9.4  74
 563.0   41255  0.104   774  1301  3234 898  41  44  17   0   0  -1   9.4  74
 564.0   41027  0.104   774  1304  3235 898  41  45  17   0   0  -1   9.4  74
 565.0   40799  0.103   774  1307  3236 897  41  45  17   0   0  -1   9.4  74
 566.0   40574  0.102   774  1309  3237 897  41  45  17   0   0  -1   9.4  74
 567.0   40350  0.102   774  1312  3238 896  41  46  17   0   0  -1   9.4  74
 568.0   40129  0.101   774  1315  3239 896  41  46  17   0   0  -1   9.4  74
 569.0   39908  0.101   774  1317  3240 895  41  46  17   0   0  -1   9.4  74
 570.0   39690  0.100   774  1320  3241 895  41  46  17   0   0  -1   9.4  74
 571.0   39473  0.100   774  1323  3241 894  41  47  18   0   0  -1   9.4  74
 572.0   39258  0.099   774  1325  3242 894  41  47  18   0   0  -1   9.4  74
 573.0   39044  0.099   774  1328  3243 893  42  47  18   0   0  -1   9.4  74
 574.0   38833  0.098   774  1331  3244 893  42  48  18   0   0  -1   9.4  74
 575.0   38622  0.097   774  1334  3244 892  42  48  18   0   0  -1   9.4  74
 576.0   38414  0.097   774  1336  3245 892  42  48  18   0   0  -1   9.4  74
 577.0   38207  0.096   774  1339  3245 892  42  49  18   0   0  -1   9.4  74
 578.0   38001  0.096   774  1342  3246 891  42  49  18   0   0  -1   9.4  74
 579.0   37797  0.095   774  1344  3246 891  42  49  18   0   0  -1   9.4  74
 580.0   37595  0.095   774  1347  3247 890  42  49  18   0   0  -1   9.4  74
 581.0   37394  0.094   774  1350  3247 890  42  50  18   0   0  -1   9.4  74
 582.0   37195  0.094   774  1352  3248 889  42  50  18   0   0  -1   9.4  74
 583.0   36997  0.093   774  1355  3248 889  43  50  18   0   0  -1   9.4  74
 584.0   36800  0.093   774  1357  3249 888  43  51  18   0   0  -1   9.4  74
 585.0   36605  0.092   774  1360  3249 888  43  51  18   0   0  -1   9.4  74
 586.0   36412  0.092   774  1363  3249 888  43  51  18   0   0  -1   9.4  74
 587.0   36220  0.091   774  1365  3250 887  43  51  19   0   0  -1   9.4  74
 588.0   36029  0.091   774  1368  3250 887  43  52  19   0   0  -1   9.4  74
 589.0   35840  0.090   774  1371  3251 886  43  52  19   0   0  -1   9.4  74
 590.0   35653  0.090   774  1373  3251 886  43  52  19   0   0  -1   9.4  74
 591.0   35466  0.090   774  1376  3251 885  43  52  19   0   0  -1   9.4  74
 592.0   35281  0.089   774  1378  3252 885  44  53  19   0   0  -1   9.4  74
 593.0   35098  0.089   774  1381  3252 884  44  53  19   0   0  -1   9.4  74
 594.0   34915  0.088   774  1383  3252 884  44  53  19   0   0  -1   9.4  74
 595.0   34735  0.088   774  1386  3253 884  44  53  19   0   0  -1   9.4  74
 596.0   34555  0.087   774  1388  3253 883  44  54  19   0   0  -1   9.4  74
 597.0   34377  0.087   774  1391  3253 883  44  54  19   0   0  -1   9.4  74
 598.0   34200  0.086   774  1393  3254 882  44  54  19   0   0  -1   9.4  74
 599.0   34024  0.086   774  1396  3254 882  44  55  19   0   0  -1   9.4  74
 600.0   33850  0.085   774  1398  3254 881  44  55  19   0   0  -1   9.4  74
 601.0   33677  0.085   774  1401  3255 881  44  55  19   0   0  -1   9.4  74
 602.0   33505  0.085   774  1403  3255 881  45  55  19   0   0  -1   9.4  74
 603.0   33334  0.084   774  1405  3255 880  45  56  19   0   0  -1   9.4  74
 604.0   33165  0.084   774  1408  3256 880  45  56  20   0   0  -1   9.4  74
 605.0   32997  0.083   774  1410  3256 879  45  56  20   0   0  -1   9.4  74
 606.0   32830  0.083   774  1413  3256 879  45  56  20   0   0  -1   9.4  74
 607.0   32664  0.082   774  1415  3257 879  45  57  20   0   0  -1   9.4  74
 608.0   32500  0.082   774  1417  3257 878  45  57  20   0   0  -1   9.4  74
 609.0   32336  0.082   774  1420  3257 878  45  57  20   0   0  -1   9.4  74
 610.0   32174  0.081   774  1422  3258 877  45  57  20   0   0  -1   9.4  74
 611.0   32013  0.081   774  1424  3258 877  46  58  20   0   0  -1   9.4  74
 612.0   31854  0.080   774  1426  3258 876  46  58  20   0   0  -1   9.4  74
 613.0   31695  0.080   774  1429  3258 876  46  58  20   0   0  -1   9.4  74
 614.0   31537  0.080   774  1431  3259 876  46  58  20   0   0  -1   9.4  74
 615.0   31381  0.079   774  1433  3259 875  46  59  20   0   0  -1   9.4  74
 616.0   31226  0.079   774  1436  3259 875  46  59  20   0   0  -1   9.4  74
 617.0   31071  0.078   774  1438  3260 874  46  59  20   0   0  -1   9.4  74
 618.0   30918  0.078   774  1440  3260 874  46  59  20   0   0  -1   9.4  74
 619.0   30766  0.078   774  1442  3260 874  46  60  20   0   0  -1   9.4  74
 620.0   30615  0.077   774  1444  3261 873  47  60  20   0   0  -1   9.4  74
 621.0   30465  0.077   774  1447  3261 873  47  60  20   0   0  -1   9.4  74
 622.0   30317  0.077   774  1449  3261 872  47  60  21   0   0  -1   9.4  74
 623.0   30169  0.076   774  1451  3261 872  47  61  21   0   0  -1   9.4  74
 624.0   30022  0.076   774  1453  3262 871  47  61  21   0   0  -1   9.4  74
 625.0   29876  0.075   774  1456  3262 871  47  61  21   0   0  -1   9.4  74
 626.0   29732  0.075   774  1458  3262 871  47  61  21   0   0  -1   9.4  74
 627.0   29588  0.075   774  1460  3263 870  47  62  21   0   0  -1   9.4  74
 628.0   29445  0.074   774  1462  3263 870  47  62  21   0   0  -1   9.4  74
 629.0   29303  0.074   774  1464  3263 869  48  62  21   0   0  -1   9.4  74
 630.0   29163  0.074   774  1466  3264 869  48  62  21   0   0  -1   9.4  74
 631.0   29023  0.073   774  1469  3264 868  48  63  21   0   0  -1   9.4  74
 632.0   28884  0.073   774  1471  3264 868  48  63  21   0   0  -1   9.4  74
 633.0   28746  0.073   774  1473  3264 868  48  63  21   0   0  -1   9.4  74
 634.0   28609  0.072   774  1475  3265 867  48  64  21   0   0  -1   9.4  74
 635.0   28474  0.072   774  1477  3265 867  48  64  21   0   0  -1   9.4  74
 636.0   28339  0.072   774  1479  3265 866  48  64  21   0   0  -1   9.4  74
 637.0   28204  0.071   774  1482  3266 866  48  64  21   0   0  -1   9.4  74
 638.0   28071  0.071   774  1484  3266 865  49  65  21   0   0  -1   9.4  74
 639.0   27939  0.071   774  1486  3266 865  49  65  21   0   0  -1   9.4  74
 640.0   27808  0.070   774  1488  3266 865  49  65  21   0   0  -1   9.4  74
 641.0   27677  0.070   774  1490  3267 864  49  65  22   0   0  -1   9.4  74
 642.0   27548  0.070   774  1492  3267 864  49  66  22   0   0  -1   9.4  74
 643.0   27419  0.069   774  1495  3267 863  49  66  22   0   0  -1   9.4  74
 644.0   27291  0.069   774  1497  3268 863  49  66  22   0   0  -1   9.4  74
 645.0   27164  0.069   774  1499  3268 862  49  66  22   0   0  -1   9.4  74
 646.0   27038  0.068   774  1501  3268 862  49  67  22   0   0  -1   9.4  74
 647.0   26913  0.068   774  1503  3269 862  50  67  22   0   0  -1   9.4  74
 648.0   26789  0.068   774  1505  3269 861  50  67  22   0   0  -1   9.4  74
 649.0   26665  0.067   774  1508  3269 861  50  68  22   0   0  -1   9.4  74
 650.0   26542  0.067   774  1510  3269 860  50  68  22   0   0  -1   9.4  74
 651.0   26420  0.067   774  1512  3270 860  50  68  22   0   0  -1   9.4  74
 652.0   26299  0.066   774  1514  3270 859  50  68  22   0   0  -1   9.4  74
 653.0   26179  0.066   774  1516  3270 859  50  69  22   0   0  -1   9.4  74
 654.0   26059  0.066   774  1518  3271 858  50  69  22   0   0  -1   9.4  74
 655.0   25941  0.065   774  1520  3271 858  51  69  22   0   0  -1   9.4  74
 656.0   25823  0.065   774  1523  3271 858  51  69  22   0   0  -1   9.4  74
 657.0   25706  0.065   774  1525  3272 857  51  70  22   0   0  -1   9.4  74
 658.0   25589  0.065   774  1527  3272 857  51  70  22   0   0  -1   9.4  74
 659.0   25474  0.064   774  1529  3272 856  51  70  22   0   0  -1   9.4  74
 660.0   25359  0.064   774  1531  3272 856  51  71  23   0   0  -1   9.4  74
 661.0   25245  0.064   774  1533  3273 855  51  71  23   0   0  -1   9.4  74
 662.0   25132  0.063   774  1536  3273 855  51  71  23   0   0  -1   9.4  74
 663.0   25019  0.063   774  1538  3273 854  51  71  23   0   0  -1   9.4  74
 664.0   24907  0.063   774  1540  3274 854  52  72  23   0   0  -1   9.4  74
 665.0   24796  0.063   774  1542  3274 854  52  72  23   0   0  -1   9.4  74
 666.0   24686  0.062   774  1544  3274 853  52  72  23   0   0  -1   9.4  74
 667.0   24576  0.062   774  1546  3274 853  52  73  23   0   0  -1   9.4  74
 668.0   24467  0.062   774  1548  3275 852  52  73  23   0   0  -1   9.4  74
 669.0   24359  0.061   774  1551  3275 852  52  73  23   0   0  -1   9.4  74
 670.0   24251  0.061   774  1553  3275 851  52  73  23   0   0  -1   9.4  74
 671.0   24145  0.061   774  1555  3276 851  52  74  23   0   0  -1   9.4  74
 672.0   24038  0.061   774  1557  3276 850  53  74  23   0   0  -1   9.4  74
 673.0   23933  0.060   774  1559  3276 850  53  74  23   0   0  -1   9.4  74
 674.0   23828  0.060   774  1561  3277 849  53  75  23   0   0  -1   9.4  74
 675.0   23724  0.060   774  1564  3277 849  53  75  23   0   0  -1   9.4  74
 676.0   23621  0.060   774  1566  3277 848  53  75  23   0   0  -1   9.4  74
 677.0   23518  0.059   774  1568  3277 848  53  75  23   0   0  -1   9.4  74
 678.0   23416  0.059   774  1570  3278 847  53  76  24   0   0  -1   9.4  74
 679.0   23314  0.059   774  1572  3278 847  53  76  24   0   0  -1   9.4  74
 680.0   23214  0.059   774  1574  3278 847  53  76  24   0   0  -1   9.4  74
 681.0   23113  0.058   774  1576  3279 846  54  77  24   0   0  -1   9.4  74
 682.0   23014  0.058   774  1579  3279 846  54  77  24   0   0  -1   9.4  74
 683.0   22915  0.058   774  1581  3279 845  54  77  24   0   0  -1   9.4  74
 684.0   22817  0.058   774  1583  3280 845  54  78  24   0   0  -1   9.4  74
 685.0   22719  0.057   774  1585  3280 844  54  78  24   0   0  -1   9.4  74
 686.0   22622  0.057   774  1587  3280 844  54  78  24   0   0  -1   9.4  74
 687.0   22526  0.057   774  1589  3280 843  54  79  24   0   0  -1   9.4  74
 688.0   22430  0.057   774  1592  3281 843  54  79  24   0   0  -1   9.4  74
 689.0   22334  0.056   774  1594  3281 842  55  79  24   0   0  -1   9.4  74
 690.0   22240  0.056   774  1596  3281 842  55  79  24   0   0  -1   9.4  74
 691.0   22146  0.056   774  1598  3282 841  55  80  24   0   0  -1   9.4  74
 692.0   22052  0.056   774  1600  3282 841  55  80  24   0   0  -1   9.4  74
 693.0   21960  0.055   774  1602  3282 840  55  80  24   0   0  -1   9.4  74
 694.0   21867  0.055   774  1604  3282 840  55  81  24   0   0  -1   9.4  74
 695.0   21776  0.055   774  1607  3283 839  55  81  25   0   0  -1   9.4  74
 696.0   21684  0.055   774  1609  3283 839  55  81  25   0   0  -1   9.4  74
 697.0   21594  0.054   774  1611  3283 838  55  82  25   0   0  -1   9.4  74
 698.0   21504  0.054   774  1613  3284 838  56  82  25   0   0  -1   9.4  74
 699.0   21414  0.054   774  1615  3284 837  56  82  25   0   0  -1   9.4  74
 700.0   21325  0.054   774  1617  3284 837  56  83  25   0   0  -1   9.4  74
 701.0   21237  0.054   774  1619  3285 836  56  83  25   0   0  -1   9.4  74
 702.0   21149  0.053   774  1622  3285 836  56  83  25   0   0  -1   9.4  74
 703.0   21062  0.053   774  1624  3285 835  56  84  25   0   0  -1   9.4  74
 704.0   20975  0.053   774  1626  3285 835  56  84  25   0   0  -1   9.4  74
 705.0   20889  0.053   774  1628  3286 834  56  84  25   0   0  -1   9.4  74
 706.0   20803  0.053   774  1630  3286 834  57  85  25   0   0  -1   9.4  74
 707.0   20718  0.052   774  1632  3286 833  57  85  25   0   0  -1   9.4  74
 708.0   20634  0.052   774  1635  3287 833  57  85  25   0   0  -1   9.4  74
 709.0   20549  0.052   774  1637  3287 832  57  86  25   0   0  -1   9.4  74
 710.0   20466  0.052   774  1639  3287 832  57  86  26   0   0  -1   9.4  74
 711.0   20383  0.051   774  1641  3288 831  57  86  26   0   0  -1   9.4  74
 712.0   20300  0.051   774  1643  3288 831  57  87  26   0   0  -1   9.4  74
 713.0   20218  0.051   774  1645  3288 830  57  87  26   0   0  -1   9.4  74
 714.0   20136  0.051   774  1647  3288 829  57  87  26   0   0  -1   9.4  74
 715.0   20055  0.051   774  1650  3289 829  58  88  26   0   0  -1   9.4  74
 716.0   19975  0.050   774  1652  3289 828  58  88  26   0   0  -1   9.4  74
 717.0   19894  0.050   774  1654  3289 828  58  88  26   0   0  -1   9.4  74
 718.0   19815  0.050   774  1656  3290 827  58  89  26   0   0  -1   9.4  74
 719.0   19736  0.050   774  1658  3290 827  58  89  26   0   0  -1   9.4  74
 720.0   19657  0.050   774  1660  3290 826  58  89  26   0   0  -1   9.4  74
 721.0   19579  0.049   774  1663  3290 826  58  90  26   0   0  -1   9.4  74
 722.0   19501  0.049   774  1665  3291 825  58  90  26   0   0  -1   9.4  74
 723.0   19423  0.049   774  1667  3291 825  58  90  26   0   0  -1   9.4  74
 724.0   19347  0.049   774  1669  3291 824  59  91  27   0   0  -1   9.4  74
 725.0   19270  0.049   774  1671  3292 824  59  91  27   0   0  -1   9.4  74
 726.0   19194  0.048   774  1673  3292 823  59  92  27   0   0  -1   9.4  74
 727.0   19119  0.048   774  1675  3292 822  59  92  27   0   0  -1   9.4  74
 728.0   19044  0.048   774  1678  3293 822  59  92  27   0   0  -1   9.4  74
 729.0   18969  0.048   774  1680  3293 821  59  93  27   0   0  -1   9.4  74
 730.0   18895  0.048   774  1682  3293 821  59  93  27   0   0  -1   9.4  74
 731.0   18821  0.047   774  1684  3293 820  59  93  27   0   0  -1   9.4  74
 732.0   18748  0.047   774  1686  3294 820  59  94  27   0   0  -1   9.4  74
 733.0   18675  0.047   774  1688  3294 819  59  94  27   0   0  -1   9.4  74
 734.0   18602  0.047   774  1691  3294 819  60  95  27   0   0  -1   9.4  74
 735.0   18530  0.047   774  1693  3295 818  60  95  27   0   0  -1   9.4  74
 736.0   18459  0.047   774  1695  3295 817  60  95  28   0   0  -1   9.4  74
 737.0   18387  0.046   774  1697  3295 817  60  96  28   0   0  -1   9.4  74
 738.0   18317  0.046   774  1699  3296 816  60  96  28   0   0  -1   9.4  74
 739.0   18246  0.046   774  1701  3296 816  60  96  28   0   0  -1   9.4  74
 740.0   18176  0.046   774  1703  3296 815  60  97  28   0   0  -1   9.4  74
 741.0   18107  0.046   774  1706  3296 815  60  97  28   0   0  -1   9.4  74
 742.0   18037  0.046   774  1708  3297 814  60  98  28   0   0  -1   9.4  74
 743.0   17969  0.045   774  1710  3297 813  60  98  28   0   0  -1   9.4  74
 744.0   17900  0.045   774  1712  3297 813  61  98  28   0   0  -1   9.4  74
 745.0   17832  0.045   774  1714  3298 812  61  99  28   0   0  -1   9.4  74
 746.0   17765  0.045   774  1716  3298 812  61  99  28   0   0  -1   9.4  74
 747.0   17697  0.045   774  1718  3298 811  61 100  29   0   0  -1   9.4  74
 748.0   17631  0.044   774  1721  3298 810  61 100  29   0   0  -1   9.4  74
 749.0   17564  0.044   774  1723  3299 810  61 100  29   0   0  -1   9.4  74
 750.0   17498  0.044   774  1725  3299 809  61 101  29   0   0  -1   9.4  74
 751.0   17432  0.044   774  1727  3299 809  61 101  29   0   0  -1   9.4  74
 752.0   17367  0.044   774  1729  3300 808  61 102  29   0   0  -1   9.4  74
 753.0   17302  0.044   774  1731  3300 807  61 102  29   0   0  -1   9.4  74
 754.0   17238  0.044   774  1734  3300 807  61 103  29   0   0  -1   9.4  74
 755.0   17173  0.043   774  1736  3301 806  61 103  29   0   0  -1   9.4  74
 756.0   17109  0.043   774  1738  3301 806  62 103  30   0   0  -1   9.4  74
 757.0   17046  0.043   774  1740  3301 805  62 104  30   0   0  -1   9.4  74
 758.0   16983  0.043   774  1742  3301 804  62 104  30   0   0  -1   9.4  74
 759.0   16920  0.043   774  1744  3302 804  62 105  30   0   0  -1   9.4  74
 760.0   16858  0.043   774  1746  3302 803  62 105  30   0   0  -1   9.4  74
 761.0   16795  0.042   774  1749  3302 802  62 106  30   0   0  -1   9.4  74
 762.0   16734  0.042   774  1751  3303 802  62 106  30   0   0  -1   9.4  74
 763.0   16672  0.042   774  1753  3303 801  62 106  30   0   0  -1   9.4  74
 764.0   16611  0.042   774  1755  3303 801  62 107  30   0   0  -1   9.4  74
 765.0   16550  0.042   774  1757  3304 800  62 107  31   0   0  -1   9.4  74
 766.0   16490  0.042   774  1759  3304 799  62 108  31   0   0  -1   9.4  74
 767.0   16430  0.041   774  1762  3304 799  62 108  31   0   0  -1   9.4  74
 768.0   16370  0.041   774  1764  3304 798  62 109  31   0   0  -1   9.4  74
 769.0   16311  0.041   774  1766  3305 797  63 109  31   0   0  -1   9.4  74
 770.0   16252  0.041   774  1768  3305 797  63 109  31   0   0  -1   9.4  74
 771.0   16193  0.041   774  1770  3305 796  63 110  31   0   0  -1   9.4  74
 772.0   16135  0.041   774  1772  3306 795  63 110  31   0   0  -1   9.4  74
 773.0   16077  0.041   774  1774  3306 795  63 111  32   0   0  -1   9.4  74
 774.0   16019  0.040   774  1777  3306 794  63 111  32   0   0  -1   9.4  74
 775.0   15961  0.040   774  1779  3307 794  63 112  32   0   0  -1   9.4  74
 776.0   15904  0.040   774  1781  3307 793  63 112  32   0   0  -1   9.4  74
 777.0   15847  0.040   774  1783  3307 792  63 113  32   0   0  -1   9.4  74
 778.0   15791  0.040   774  1785  3307 792  63 113  32   0   0  -1   9.4  74
 779.0   15735  0.040   774  1787  3308 791  63 114  32   0   0  -1   9.4  74
 780.0   15679  0.040   774  1789  3308 790  63 114  32   0   0  -1   9.4  74
 781.0   15623  0.039   774  1792  3308 790  63 115  33   0   0  -1   9.4  74
 782.0   15568  0.039   774  1794  3309 789  63 115  33   0   0  -1   9.4  74
 783.0   15513  0.039   774  1796  3309 788  63 116  33   0   0  -1   9.4  74
 784.0   15458  0.039   774  1798  3309 788  64 116  33   0   0  -1   9.4  74
 785.0   15404  0.039   774  1800  3310 787  64 116  33   0   0  -1   9.4  74
 786.0   15349  0.039   774  1802  3310 786  64 117  33   0   0  -1   9.4  74
 787.0   15296  0.039   774  1805  3310 785  64 117  33   0   0  -1   9.4  74
 788.0   15242  0.038   774  1807  3311 785  64 118  33   0   0  -1   9.4  74
 789.0   15189  0.038   774  1809  3311 784  64 118  34   0   0  -1   9.4  74
 790.0   15136  0.038   774  1811  3311 783  64 119  34   0   0  -1   9.4  74
 791.0   15083  0.038   774  1813  3311 783  64 119  34   0   0  -1   9.4  74
 792.0   15031  0.038   774  1815  3312 782  64 120  34   0   0  -1   9.4  74
 793.0   14979  0.038   774  1817  3312 781  64 120  34   0   0  -1   9.4  74
 794.0   14927  0.038   774  1820  3312 781  64 121  34   0   0  -1   9.4  74
 795.0   14875  0.038   774  1822  3313 780  64 121  34   0   0  -1   9.4  74
 796.0   14824  0.037   774  1824  3313 779  64 122  35   0   0  -1   9.4  74
 797.0   14773  0.037   774  1826  3313 779  64 122  35   0   0  -1   9.4  74
 798.0   14722  0.037   774  1828  3314 778  64 123  35   0   0  -1   9.4  74
 799.0   14671  0.037   774  1830  3314 777  64 123  35   0   0  -1   9.4  74
 800.0   14621  0.037   774  1833  3314 776  64 124  35   0   0  -1   9.4  74
 801.0   14571  0.037   774  1835  3315 776  65 124  35   0   0  -1   9.4  74
 802.0   14522  0.037   774  1837  3315 775  65 125  36   0   0  -1   9.4  74
 803.0   14472  0.037   774  1839  3315 774  65 125  36   0   0  -1   9.4  74
 804.0   14423  0.036   774  1841  3315 774  65 126  36   0   0  -1   9.4  74
 805.0   14374  0.036   774  1843  3316 773  65 126  36   0   0  -1   9.4  74
 806.0   14325  0.036   774  1845  3316 772  65 127  36   0   0  -1   9.4  74
 807.0   14277  0.036   774  1848  3316 771  65 127  36   0   0  -1   9.4  74
 808.0   14229  0.036   774  1850  3317 771  65 128  36   0   0  -1   9.4  74
 809.0   14181  0.036   774  1852  3317 770  65 128  37   0   0  -1   9.4  74
 810.0   14133  0.036   774  1854  3317 769  65 129  37   0   0  -1   9.4  74
 811.0   14086  0.036   774  1856  3318 769  65 130  37   0   0  -1   9.4  74
 812.0   14038  0.035   774  1858  3318 768  65 130  37   0   0  -1   9.4  74
 813.0   13991  0.035   774  1860  3318 767  65 131  37   0   0  -1   9.4  74
 814.0   13945  0.035   774  1863  3319 766  65 131  37   0   0  -1   9.4  74
 815.0   13898  0.035   774  1865  3319 766  65 132  37   0   0  -1   9.4  74
 816.0   13852  0.035   774  1867  3319 765  65 132  38   0   0  -1   9.4  74
 817.0   13806  0.035   774  1869  3320 764  65 133  38   0   0  -1   9.4  74
 818.0   13760  0.035   774  1871  3320 763  65 133  38   0   0  -1   9.4  74
 819.0   13715  0.035   774  1873  3320 763  66 134  38   0   0  -1   9.4  74
 820.0   13669  0.034   774  1876  3321 762  66 134  38   0   0  -1   9.4  74
 821.0   13624  0.034   774  1878  3321 761  66 135  38   0   0  -1   9.4  74
 822.0   13580  0.034   774  1880  3321 760  66 135  39   0   0  -1   9.4  74
 823.0   13535  0.034   774  1882  3322 760  66 136  39   0   0  -1   9.4  74
 824.0   13491  0.034   774  1884  3322 759  66 137  39   0   0  -1   9.4  74
 825.0   13446  0.034   774  1886  3322 758  66 137  39   0   0  -1   9.4  74
 826.0   13403  0.034   774  1888  3323 757  66 138  39   0   0  -1   9.4  74
 827.0   13359  0.034   774  1891  3323 757  66 138  39   0   0  -1   9.4  74
 828.0   13315  0.034   774  1893  3324 756  66 139  40   0   0  -1   9.4  74
 829.0   13272  0.033   774  1895  3324 755  66 139  40   0   0  -1   9.4  74
 830.0   13229  0.033   774  1897  3324 754  66 140  40   0   0  -1   9.4  74
 831.0   13186  0.033   774  1899  3325 753  66 140  40   0   0  -1   9.4  74
 832.0   13144  0.033   774  1901  3325 753  66 141  40   0   0  -1   9.4  74
 833.0   13101  0.033   774  1904  3325 752  66 142  40   0   0  -1   9.4  74
 834.0   13059  0.033   774  1906  3326 751  66 142  41   0   0  -1   9.4  74
 835.0   13017  0.033   774  1908  3326 750  66 143  41   0   0  -1   9.4  74
 836.0   12975  0.033   774  1910  3326 750  66 143  41   0   0  -1   9.4  74
 837.0   12934  0.033   774  1912  3327 749  66 144  41   0   0  -1   9.4  74
 838.0   12892  0.033   774  1914  3327 748  66 144  41   0   0  -1   9.4  74
 839.0   12851  0.032   774  1916  3328 747  66 145  41   0   0  -1   9.4  74
 840.0   12810  0.032   774  1919  3328 746  67 146  42   0   0  -1   9.4  74
 841.0   12769  0.032   774  1921  3328 746  67 146  42   0   0  -1   9.4  74
 842.0   12729  0.032   774  1923  3329 745  67 147  42   0   0  -1   9.4  74
 843.0   12689  0.032   774  1925  3329 744  67 147  42   0   0  -1   9.4  74
 844.0   12648  0.032   774  1927  3330 743  67 148  42   0   0  -1   9.4  74
 845.0   12608  0.032   774  1929  3330 742  67 148  42   0   0  -1   9.4  74
 846.0   12569  0.032   774  1931  3330 742  67 149  43   0   0  -1   9.4  74
 847.0   12529  0.032   774  1934  3331 741  67 150  43   0   0  -1   9.4  74
 848.0   12490  0.032   774  1936  3331 740  67 150  43   0   0  -1   9.4  74
 849.0   12451  0.031   774  1938  3332 739  67 151  43   0   0  -1   9.4  74
 850.0   12412  0.031   774  1940  3332 738  67 151  43   0   0  -1   9.4  74
 851.0   12373  0.031   774  1942  3332 738  67 152  43   0   0  -1   9.4  74
 852.0   12334  0.031   774  1944  3333 737  67 153  44   0   0  -1   9.4  74
 853.0   12296  0.031   774  1947  3333 736  67 153  44   0   0  -1   9.4  74
 854.0   12258  0.031   774  1949  3334 735  67 154  44   0   0  -1   9.4  74
 855.0   12220  0.031   774  1951  3334 734  67 154  44   0   0  -1   9.4  74
 856.0   12182  0.031   774  1953  3335 733  67 155  44   0   0  -1   9.4  74
 857.0   12144  0.031   774  1955  3335 733  67 156  45   0   0  -1   9.4  74
 858.0   12106  0.031   774  1957  3335 732  67 156  45   0   0  -1   9.4  74
 859.0   12069  0.030   774  1959  3336 731  67 157  45   0   0  -1   9.4  74
 860.0   12032  0.030   774  1962  3336 730  67 157  45   0   0  -1   9.4  74
 861.0   11995  0.030   774  1964  3337 729  67 158  45   0   0  -1   9.4  74
 862.0   11958  0.030   774  1966  3337 728  67 159  45   0   0  -1   9.4  74
 863.0   11922  0.030   774  1968  3338 728  67 159  46   0   0  -1   9.4  74
 864.0   11885  0.030   774  1970  3338 727  68 160  46   0   0  -1   9.4  74
 865.0   11849  0.030   774  1972  3339 726  68 160  46   0   0  -1   9.4  74
 866.0   11813  0.030   774  1975  3339 725  68 161  46   0   0  -1   9.4  74
 867.0   11777  0.030   774  1977  3340 724  68 162  46   0   0  -1   9.4  74
 868.0   11741  0.030   774  1979  3340 723  68 162  47   0   0  -1   9.4  74
 869.0   11706  0.030   774  1981  3340 722  68 163  47   0   0  -1   9.4  74
 870.0   11670  0.029   774  1983  3341 722  68 164  47   0   0  -1   9.4  74
 871.0   11635  0.029   774  1985  3341 721  68 164  47   0   0  -1   9.4  74
 872.0   11600  0.029   774  1987  3342 720  68 165  47   0   0  -1   9.4  74
 873.0   11565  0.029   774  1990  3342 719  68 166  48   0   0  -1   9.4  74
 874.0   11530  0.029   774  1992  3343 718  68 166  48   0   0  -1   9.4  74
 875.0   11496  0.029   774  1994  3343 717  68 167  48   0   0  -1   9.4  74
 876.0   11461  0.029   774  1996  3344 716  68 167  48   0   0  -1   9.4  74
 877.0   11427  0.029   774  1998  3344 716  68 168  48   0   0  -1   9.4  74
 878.0   11393  0.029   774  2000  3345 715  68 169  48   0   0  -1   9.4  74
 879.0   11359  0.029   774  2002  3345 714  68 169  49   0   0  -1   9.4  74
 880.0   11325  0.029   774  2005  3346 713  68 170  49   0   0  -1   9.4  74
 881.0   11292  0.028   774  2007  3346 712  68 171  49   0   0  -1   9.4  74
 882.0   11258  0.028   774  2009  3347 711  68 171  49   0   0  -1   9.4  74
 883.0   11225  0.028   774  2011  3347 710  68 172  49   0   0  -1   9.4  74
 884.0   11192  0.028   774  2013  3348 709  68 173  50   0   0  -1   9.4  74
 885.0   11159  0.028   774  2015  3348 709  68 173  50   0   0  -1   9.4  74
 886.0   11126  0.028   774  2018  3349 708  68 174  50   0   0  -1   9.4  74
 887.0   11093  0.028   774  2020  3349 707  68 175  50   0   0  -1   9.4  74
 888.0   11061  0.028   774  2022  3350 706  68 175  50   0   0  -1   9.4  74
 889.0   11028  0.028   774  2024  3350 705  68 176  51   0   0  -1   9.4  74
 890.0   10996  0.028   774  2026  3351 704  68 177  51   0   0  -1   9.4  74
 891.0   10964  0.028   774  2028  3351 703  68 177  51   0   0  -1   9.4  74
 892.0   10932  0.028   774  2030  3352 702  69 178  51   0   0  -1   9.4  74
 893.0   10900  0.028   774  2033  3352 701  69 179  51   0   0  -1   9.4  74
 894.0   10869  0.027   774  2035  3353 700  69 179  52   0   0  -1   9.4  74
 895.0   10837  0.027   774  2037  3353 699  69 180  52   0   0  -1   9.4  74
 896.0   10806  0.027   774  2039  3354 699  69 181  52   0   0  -1   9.4  74
 897.0   10775  0.027   774  2041  3354 698  69 181  52   0   0  -1   9.4  74
 898.0   10743  0.027   774  2043  3355 697  69 182  52   0   0  -1   9.4  74
 899.0   10713  0.027   774  2046  3355 696  69 183  53   0   0  -1   9.4  74
 900.0   10682  0.027   774  2048  3356 695  69 184  53   0   0  -1   9.4  74
 901.0   10651  0.027   774  2050  3356 694  69 184  53   0   0  -1   9.4  74
 902.0   10621  0.027   774  2052  3357 693  69 185  53   0   0  -1   9.4  74
 903.0   10590  0.027   774  2054  3358 692  69 186  54   0   0  -1   9.4  74
 904.0   10560  0.027   774  2056  3358 691  69 186  54   0   0  -1   9.4  74
 905.0   10530  0.027   774  2058  3359 690  69 187  54   0   0  -1   9.4  74
 906.0   10500  0.026   774  2061  3359 689  69 188  54   0   0  -1   9.4  74
 907.0   10470  0.026   774  2063  3360 688  69 188  54   0   0  -1   9.4  74
 908.0   10440  0.026   774  2065  3360 687  69 189  55   0   0  -1   9.4  74
 909.0   10411  0.026   774  2067  3361 686  69 190  55   0   0  -1   9.4  74
 910.0   10381  0.026   774  2069  3361 685  69 191  55   0   0  -1   9.4  74
 911.0   10352  0.026   774  2071  3362 684  69 191  55   0   0  -1   9.4  74
 912.0   10323  0.026   774  2073  3362 684  69 192  55   0   0  -1   9.4  74
 913.0   10294  0.026   774  2076  3363 683  69 193  56   0   0  -1   9.4  74
 914.0   10265  0.026   774  2078  3363 682  69 193  56   0   0  -1   9.4  74
 915.0   10236  0.026   774  2080  3364 681  69 194  56   0   0  -1   9.4  74
 916.0   10208  0.026   774  2082  3364 680  69 195  56   0   0  -1   9.4  74
 917.0   10179  0.026   774  2084  3365 679  69 196  57   0   0  -1   9.4  74
 918.0   10151  0.026   774  2086  3365 678  69 196  57   0   0  -1   9.4  74
 919.0   10122  0.026   774  2089  3366 677  69 197  57   0   0  -1   9.4  74
 920.0   10094  0.025   774  2091  3367 676  69 198  57   0   0  -1   9.4  74
 921.0   10066  0.025   774  2093  3367 675  69 199  57   0   0  -1   9.4  74
 922.0   10038  0.025   774  2095  3368 674  69 199  58   0   0  -1   9.4  74
 923.0   10010  0.025   774  2097  3368 673  69 200  58   0   0  -1   9.4  74
 924.0    9983  0.025   774  2099  3369 672  69 201  58   0   0  -1   9.4  74
 925.0    9955  0.025   774  2101  3369 671  69 201  58   0   0  -1   9.4  74
 926.0    9928  0.025   774  2104  3370 670  69 202  58   0   0  -1   9.4  74
 927.0    9901  0.025   774  2106  3370 669  69 203  59   0   0  -1   9.4  74
 928.0    9873  0.025   774  2108  3371 668  69 204  59   0   0  -1   9.4  74
 929.0    9846  0.025   774  2110  3371 667  69 204  59   0   0  -1   9.4  74
 930.0    9819  0.025   774  2112  3372 666  69 205  59   0   0  -1   9.4  74
 931.0    9793  0.025   774  2114  3372 665  69 206  60   0   0  -1   9.4  74
 932.0    9766  0.025   774  2117  3373 664  69 207  60   0   0  -1   9.4  74
 933.0    9739  0.025   774  2119  3373 663  69 208  60   0   0  -1   9.4  74
 934.0    9713  0.025   774  2121  3374 662  70 208  60   0   0  -1   9.4  74
 935.0    9686  0.024   774  2123  3375 661  70 209  61   0   0  -1   9.4  74
 936.0    9660  0.024   774  2125  3375 660  70 210  61   0   0  -1   9.4  74
 937.0    9634  0.024   774  2127  3376 659  70 211  61   0   0  -1   9.4  74
 938.0    9608  0.024   774  2129  3376 658  70 211  61   0   0  -1   9.4  74
 939.0    9582  0.024   774  2132  3377 657  70 212  61   0   0  -1   9.4  74
 940.0    9556  0.024   774  2134  3377 656  70 213  62   0   0  -1   9.4  74
 941.0    9531  0.024   774  2136  3378 655  70 214  62   0   0  -1   9.4  74
 942.0    9505  0.024   774  2138  3378 654  70 214  62   0   0  -1   9.4  74
 943.0    9480  0.024   774  2140  3379 653  70 215  62   0   0  -1   9.4  74
 944.0    9454  0.024   774  2142  3379 652  70 216  63   0   0  -1   9.4  74
 945.0    9429  0.024   774  2145  3380 651  70 217  63   0   0  -1   9.4  74
 946.0    9404  0.024   774  2147  3380 650  70 218  63   0   0  -1   9.4  74
 947.0    9379  0.024   774  2149  3381 649  70 218  63   0   0  -1   9.4  74
 948.0    9354  0.024   774  2151  3381 648  70 219  64   0   0  -1   9.4  74
 949.0    9329  0.024   774  2153  3382 647  70 220  64   0   0  -1   9.4  74
 950.0    9304  0.023   774  2155  3383 646  70 221  64   0   0  -1   9.4  74
 951.0    9280  0.023   774  2157  3383 645  70 221  64   0   0  -1   9.4  74
 952.0    9255  0.023   774  2160  3384 643  70 222  64   0   0  -1   9.4  74
 953.0    9231  0.023   774  2162  3384 642  70 223  65   0   0  -1   9.4  74
 954.0    9206  0.023   774  2164  3385 641  70 224  65   0   0  -1   9.4  74
 955.0    9182  0.023   774  2166  3385 640  70 225  65   0   0  -1   9.4  74
 956.0    9158  0.023   774  2168  3386 639  70 225  65   0   0  -1   9.4  74
 957.0    9134  0.023   774  2170  3386 638  70 226  66   0   0  -1   9.4  74
 958.0    9110  0.023   774  2172  3387 637  70 227  66   0   0  -1   9.4  74
 959.0    9086  0.023   774  2175  3387 636  70 228  66   0   0  -1   9.4  74
 960.0    9063  0.023   774  2177  3388 635  70 229  66   0   0  -1   9.4  74
 961.0    9039  0.023   774  2179  3388 634  70 229  67   0   0  -1   9.4  74
 962.0    9016  0.023   774  2181  3389 633  70 230  67   0   0  -1   9.4  74
 963.0    8992  0.023   774  2183  3390 632  70 231  67   0   0  -1   9.4  74
 964.0    8969  0.023   774  2185  3390 631  70 232  67   0   0  -1   9.4  74
 965.0    8946  0.023   774  2188  3391 630  70 233  68   0   0  -1   9.4  74
 966.0    8923  0.023   774  2190  3391 629  70 234  68   0   0  -1   9.4  74
 967.0    8900  0.022   774  2192  3392 628  70 234  68   0   0  -1   9.4  74
 968.0    8877  0.022   774  2194  3392 627  70 235  68   0   0  -1   9.4  74
 969.0    8854  0.022   774  2196  3393 626  70 236  69   0   0  -1   9.4  74
 970.0    8831  0.022   774  2198  3393 624  70 237  69   0   0  -1   9.4  74
 971.0    8809  0.022   774  2200  3394 623  70 238  69   0   0  -1   9.4  74
 972.0    8786  0.022   774  2203  3394 622  70 239  69   0   0  -1   9.4  74
 973.0    8764  0.022   774  2205  3395 621  70 239  70   0   0  -1   9.4  74
 974.0    8741  0.022   774  2207  3395 620  70 240  70   0   0  -1   9.4  74
 975.0    8719  0.022   774  2209  3396 619  70 241  70   0   0  -1   9.4  74
 976.0    8697  0.022   774  2211  3397 618  70 242  70   0   0  -1   9.4  74
 977.0    8675  0.022   774  2213  3397 617  70 243  70   0   0  -1   9.4  74
 978.0    8653  0.022   774  2216  3398 616  70 244  71   0   0  -1   9.4  74
 979.0    8631  0.022   774  2218  3398 615  70 244  71   0   0  -1   9.4  74
 980.0    8609  0.022   774  2220  3399 614  70 245  71   0   0  -1   9.4  74
 981.0    8587  0.022   774  2222  3399 613  70 246  71   0   0  -1   9.4  74
 982.0    8566  0.022   774  2224  3400 611  70 247  72   0   0  -1   9.4  74
 983.0    8544  0.022   774  2226  3400 610  70 248  72   0   0  -1   9.4  74
 984.0    8523  0.022   774  2228  3401 609  70 249  72   0   0  -1   9.4  74
 985.0    8501  0.021   774  2231  3401 608  70 249  72   0   0  -1   9.4  74
 986.0    8480  0.021   774  2233  3402 607  70 250  73   0   0  -1   9.4  74
 987.0    8459  0.021   774  2235  3402 606  70 251  73   0   0  -1   9.4  74
 988.0    8438  0.021   774  2237  3403 605  70 252  73   0   0  -1   9.4  74
 989.0    8417  0.021   774  2239  3404 604  70 253  73   0   0  -1   9.4  74
 990.0    8396  0.021   774  2241  3404 603  70 254  74   0   0  -1   9.4  74
 991.0    8375  0.021   774  2243  3405 602  70 255  74   0   0  -1   9.4  74
 992.0    8354  0.021   774  2246  3405 600  70 255  74   0   0  -1   9.4  74
 993.0    8333  0.021   774  2248  3406 599  70 256  74   0   0  -1   9.4  74
 994.0    8313  0.021   774  2250  3406 598  70 257  75   0   0  -1   9.4  74
 995.0    8292  0.021   774  2252  3407 597  70 258  75   0   0  -1   9.4  74
 996.0    8272  0.021   774  2254  3407 596  70 259  75   0   0  -1   9.4  74
 997.0    8251  0.021   774  2256  3408 595  70 260  75   0   0  -1   9.4  74
 998.0    8231  0.021   774  2259  3408 594  70 261  76   0   0  -1   9.4  74
 999.0    8211  0.021   774  2261  3409 593  70 261  76   0   0  -1   9.4  74
1000.0    8191  0.021   774  2263  3409 592  70 262  76   0   0  -1   9.4  74
1001.0    8171  0.021   774  2265  3410 590  70 263  76   0   0  -1   9.4  74
1002.0    8151  0.021   774  2267  3411 589  70 264  77   0   0  -1   9.4  74
1003.0    8131  0.021   774  2269  3411 588  70 265  77   0   0  -1   9.4  74
1004.0    8111  0.020   774  2271  3412 587  70 266  77   0   0  -1   9.4  74
1005.0    8091  0.020   774  2274  3412 586  70 267  77   0   0  -1   9.4  74
1006.0    8072  0.020   774  2276  3413 585  70 268  78   0   0  -1   9.4  74
1007.0    8052  0.020   774  2278  3413 584  70 268  78   0   0  -1   9.4  74
1008.0    8032  0.020   774  2280  3414 583  70 269  78   0   0  -1   9.4  74
1009.0    8013  0.020   774  2282  3414 581  70 270  78   0   0  -1   9.4  74
1010.0    7994  0.020   774  2284  3415 580  70 271  79   0   0  -1   9.4  74
1011.0    7974  0.020   774  2287  3415 579  70 272  79   0   0  -1   9.4  74
1012.0    7955  0.020   774  2289  3416 578  70 273  79   0   0  -1   9.4  74
1013.0    7936  0.020   774  2291  3416 577  70 274  79   0   0  -1   9.4  74
1014.0    7917  0.020   774  2293  3417 576  70 275  80   0   0  -1   9.4  74
1015.0    7898  0.020   774  2295  3418 575  70 276  80   0   0  -1   9.4  74
1016.0    7879  0.020   774  2297  3418 574  70 276  80   0   0  -1   9.4  74
1017.0    7860  0.020   774  2299  3419 572  70 277  81   0   0  -1   9.4  74
1018.0    7842  0.020   774  2302  3419 571  70 278  81   0   0  -1   9.4  74
1019.0    7823  0.020   774  2304  3420 570  70 279  81   0   0  -1   9.4  74
1020.0    7804  0.020   774  2306  3420 569  70 280  81   0   0  -1   9.4  74
1021.0    7786  0.020   774  2308  3421 568  70 281  82   0   0  -1   9.4  74
1022.0    7767  0.020   774  2310  3421 567  70 282  82   0   0  -1   9.4  74
1023.0    7749  0.020   774  2312  3422 566  70 283  82   0   0  -1   9.4  74
1024.0    7731  0.020   774  2314  3422 564  70 284  82   0   0  -1   9.4  74
1025.0    7712  0.019   774  2317  3423 563  70 284  83   0   0  -1   9.4  74
1026.0    7694  0.019   774  2319  3423 562  70 285  83   0   0  -1   9.4  74
1027.0    7676  0.019   774  2321  3424 561  70 286  83   0   0  -1   9.4  74
1028.0    7658  0.019   774  2323  3425 560  70 287  83   0   0  -1   9.4  74
1029.0    7640  0.019   774  2325  3425 559  70 288  84   0   0  -1   9.4  74
1030.0    7622  0.019   774  2327  3426 557  70 289  84   0   0  -1   9.4  74
1031.0    7604  0.019   774  2330  3426 556  70 290  84   0   0  -1   9.4  74
1032.0    7587  0.019   774  2332  3427 555  70 291  84   0   0  -1   9.4  74
1033.0    7569  0.019   774  2334  3427 554  70 292  85   0   0  -1   9.4  74
1034.0    7551  0.019   774  2336  3428 553  70 293  85   0   0  -1   9.4  74
1035.0    7534  0.019   774  2338  3428 552  70 294  85   0   0  -1   9.4  74
1036.0    7516  0.019   774  2340  3429 551  69 294  86   0   0  -1   9.4  74
1037.0    7499  0.019   774  2342  3429 549  69 295  86   0   0  -1   9.4  74
1038.0    7481  0.019   774  2345  3430 548  69 296  86   0   0  -1   9.4  74
1039.0    7464  0.019   774  2347  3430 547  69 297  86   0   0  -1   9.4  74
1040.0    7447  0.019   774  2349  3431 546  69 298  87   0   0  -1   9.4  74
1041.0    7430  0.019   774  2351  3432 545  69 299  87   0   0  -1   9.4  74
1042.0    7413  0.019   774  2353  3432 544  69 300  87   0   0  -1   9.4  74
1043.0    7396  0.019   774  2355  3433 542  69 301  87   0   0  -1   9.4  74
1044.0    7379  0.019   774  2358  3433 541  69 302  88   0   0  -1   9.4  74
1045.0    7362  0.019   774  2360  3434 540  69 303  88   0   0  -1   9.4  74
1046.0    7345  0.019   774  2362  3434 539  69 304  88   0   0  -1   9.4  74
1047.0    7328  0.018   774  2364  3435 538  69 305  88   0   0  -1   9.4  74
1048.0    7311  0.018   774  2366  3435 537  69 305  89   0   0  -1   9.4  74
1049.0    7295  0.018   774  2368  3436 535  69 306  89   0   0  -1   9.4  74
