   km  Ne/cm-3 Ne/NmF2 Tn/K  Ti/K  Te/K  O+  N+  H+ He+ O2+ NO+ Clust TEC t/%
  50.0      -1 -1.000    -1    -1    -1  -1  -1  -1  -1  -1  -1  -1  24.6  70
  51.0       1  0.000    -1    -1    -1  -1  -1  -1  -1  -1  -1  -1  24.6  70
  52.0       1  0.000    -1    -1    -1  -1  -1  -1  -1  -1  -1  -1  24.6  70
  53.0       2  0.000    -1    -1    -1  -1  -1  -1  -1  -1  -1  -1  24.6  70
  54.0       3  0.000    -1    -1    -1  -1  -1  -1  -1  -1  -1  -1  24.6  70
  55.0       5  0.000    -1    -1    -1  -1  -1  -1  -1  -1  -1  -1  24.6  70
  56.0       9  0.000    -1    -1    -1  -1  -1  -1  -1  -1  -1  -1  24.6  70
  57.0      14  0.000    -1    -1    -1  -1  -1  -1  -1  -1  -1  -1  24.6  70
  58.0      21  0.000    -1    -1    -1  -1  -1  -1  -1  -1  -1  -1  24.6  70
  59.0      31  0.000    -1    -1    -1  -1  -1  -1  -1  -1  -1  -1  24.6  70
  60.0      46  0.000   242   242   242  -1  -1  -1  -1  -1  -1  -1  24.6  70
  61.0      65  0.000   239   239   239  -1  -1  -1  -1  -1  -1  -1  24.6  70
  62.0      89  0.000   235   235   235  -1  -1  -1  -1  -1  -1  -1  24.6  70
  63.0     120  0.000   232   232   232  -1  -1  -1  -1  -1  -1  -1  24.6  70
  64.0     158  0.000   229   229   229  -1  -1  -1  -1  -1  -1  -1  24.6  70
  65.0     203  0.000   225   225   225  -1  -1  -1  -1  -1  -1  -1  24.6  70
  66.0     254  0.000   222   222   222  -1  -1  -1  -1  -1  -1  -1  24.6  70
  67.0     313  0.000   219   219   219  -1  -1  -1  -1  -1  -1  -1  24.6  70
  68.0     378  0.001   216   216   216  -1  -1  -1  -1  -1  -1  -1  24.6  70
  69.0     448  0.001   213   213   213  -1  -1  -1  -1  -1  -1  -1  24.6  70
  70.0     522  0.001   210   210   210  -1  -1  -1  -1  -1  -1  -1  24.6  70
  71.0     600  0.001   207   207   207  -1  -1  -1  -1  -1  -1  -1  24.6  70
  72.0     679  0.001   204   204   204  -1  -1  -1  -1  -1  -1  -1  24.6  70
  73.0     758  0.001   201   201   201  -1  -1  -1  -1  -1  -1  -1  24.6  70
  74.0     837  0.001   198   198   198  -1  -1  -1  -1  -1  -1  -1  24.6  70
  75.0     913  0.001   196   196   196  -1  -1  -1  -1  -1  -1  -1  24.6  70
  76.0     988  0.001   193   193   193  -1  -1  -1  -1  -1  -1  -1  24.6  70
  77.0    1060  0.001   190   190   190  -1  -1  -1  -1  -1  -1  -1  24.6  70
  78.0    1129  0.002   187   187   187  -1  -1  -1  -1  -1  -1  -1  24.6  70
  79.0    1195  0.002   184   184   184  -1  -1  -1  -1  -1  -1  -1  24.6  70
  80.0    1259  0.002   182   182   182   0   0   0   0   9 991  -1  24.6  70
  81.0    1322  0.002   180   180   180   0   0   0   0  11 989  -1  24.6  70
  82.0    1396  0.002   178   178   178   0   0   0   0  12 988  -1  24.6  70
  83.0    1545  0.002   176   176   176   0   0   0   0  14 986  -1  24.6  70
  84.0    1882  0.003   174   174   174   0   0   0   0  17 983  -1  24.6  70
  85.0    2654  0.004   173   173   173   0   0   0   0  23 977  -1  24.6  70
  86.0    4452  0.006   172   172   172   0   0   0   0  39 961  -1  24.6  70
  87.0    7433  0.010   171   171   171   0   0   0   0  63 937  -1  24.6  70
  88.0   11771  0.016   170   170   170   0   0   0   0  97 903  -1  24.6  70
  89.0   17740  0.025   170   170   170   0   0   0   0 139 861  -1  24.6  70
  90.0   25532  0.035   171   171   171   0   0   0   0 188 812  -1  24.6  70
  91.0   35204  0.049   171   171   171   0   0   0   0 240 760  -1  24.6  70
  92.0   46652  0.065   173   173   173   0   0   0   0 294 706  -1  24.6  70
  93.0   59602  0.083   174   174   174   0   0   0   0 355 645  -1  24.6  70
  94.0   73634  0.102   176   176   176   0   0   0   0 412 588  -1  24.6  70
  95.0   88224  0.122   179   179   179   0   0   0   0 462 538  -1  24.6  70
  96.0  102807  0.143   181   181   181   0   0   0   0 504 496  -1  24.6  70
  97.0  116835  0.162   184   184   184   0   0   0   0 538 462  -1  24.6  70
  98.0  129834  0.180   188   188   188   0   0   0   0 526 474  -1  24.6  70
  99.0  141441  0.196   192   192   192   0   0   0   0 495 505  -1  24.6  70
 100.0  151422  0.210   196   196   196   0   0   0   0 503 497  -1  24.6  70
 101.0  159678  0.221   201   201   201   0   0   0   0 500 500  -1  24.6  70
 102.0  166226  0.231   207   207   207   0   0   0   0 492 508  -1  24.6  70
 103.0  171184  0.237   212   212   212   0   0   0   0 480 520  -1  24.6  70
 104.0  174739  0.242   219   219   219   0   0   0   0 461 539  -1  24.6  70
 105.0  177122  0.246   226   226   226   0   0   0   0 447 553  -1  24.6  70
 106.0  178583  0.248   233   233   233   0   0   0   0 427 572  -1  24.6  70
 107.0  179370  0.249   241   241   241   0   0   0   0 407 592  -1  24.6  70
 108.0  179714  0.249   250   250   250   0   0   0   0 387 612  -1  24.6  70
 109.0  179814  0.249   259   259   259   0   0   0   0 366 632  -1  24.6  70
 110.0  179824  0.249   270   270   270   1   0   0   0 347 651  -1  24.6  70
 111.0  179561  0.249   280   280   280   1   0   0   0 329 669  -1  24.6  70
 112.0  178845  0.248   292   292   292   1   0   0   0 311 687  -1  24.6  70
 113.0  177796  0.247   305   305   305   1   0   0   0 291 706  -1  24.6  70
 114.0  176540  0.245   318   318   318   1   0   0   0 273 724  -1  24.6  70
 115.0  175207  0.243   332   332   332   1   0   0   0 259 737  -1  24.6  70
 116.0  173920  0.241   347   347   347   2   0   0   0 257 739  -1  24.6  70
 117.0  172799  0.240   363   363   363   2   0   0   0 254 742  -1  24.6  70
 118.0  171948  0.238   380   380   380   2   0   0   0 250 745  -1  24.6  70
 119.0  171454  0.238   397   397   397   3   0   0   0 246 748  -1  24.6  70
 120.0  171379  0.238   415   415   415   3   0   0   0 242 752  -1  24.6  70
 121.0  171759  0.238   434   434   434   4   0   0   0 237 755  -1  24.6  70
 122.0  172596  0.239   452   452   452   4   0   0   0 233 758  -1  24.6  70
 123.0  173854  0.241   470   470   470   5   1   0   0 233 757  -1  24.6  70
 124.0  175451  0.243   490   490   490   6   1   0   0 229 760  -1  24.6  70
 125.0  177259  0.246   508   508   508   7   1   0   0 225 762  -1  24.6  70
 126.0  179097  0.248   526   526   526   8   1   0   0 222 763  -1  24.6  70
 127.0  181047  0.251   544   544   544   9   1   0   0 220 765  -1  24.6  70
 128.0  183177  0.254   561   561   561  10   1   0   0 217 766  -1  24.6  70
 129.0  185328  0.257   578   578   578  12   1   0   0 215 766  -1  24.6  70
 130.0  187501  0.260   594   594   594  13   1   0   0 213 766  -1  24.6  70
 131.0  189696  0.263   611   611   611  15   1   0   0 211 765  -1  24.6  70
 132.0  191914  0.266   627   627   627  17   1   0   0 209 764  -1  24.6  70
 133.0  194153  0.269   642   642   642  19   2   0   0 208 763  -1  24.6  70
 134.0  196414  0.272   657   657   657  21   2   0   0 207 762  -1  24.6  70
 135.0  198698  0.276   673   673   673  23   2   0   0 205 760  -1  24.6  70
 136.0  201004  0.279   687   687   687  26   2   0   0 204 758  -1  24.6  70
 137.0  203333  0.282   702   702   702  28   2   0   0 202 757  -1  24.6  70
 138.0  205685  0.285   716   716   716  31   2   0   0 201 755  -1  24.6  70
 139.0  208059  0.289   730   730   730  34   3   0   0 200 752  -1  24.6  70
 140.0  210456  0.292   744   744   744  38   3   0   0 198 749  -1  24.6  70
 141.0  212876  0.295   757   757   757  41   3   0   0 197 746  -1  24.6  70
 142.0  215318  0.299   770   770   770  45   3   0   0 195 743  -1  24.6  70
 143.0  217784  0.302   783   783   783  49   3   0   0 194 740  -1  24.6  70
 144.0  220273  0.305   796   796   796  53   4   0   0 192 737  -1  24.6  70
 145.0  222784  0.309   808   808   808  58   4   0   0 191 733  -1  24.6  70
 146.0  225319  0.312   820   820   820  62   4   0   0 189 729  -1  24.6  70
 147.0  227876  0.316   832   832   832  67   4   0   0 187 725  -1  24.6  70
 148.0  230457  0.320   844   844   844  73   5   0   0 185 721  -1  24.6  70
 149.0  233060  0.323   855   855   855  78   5   0   0 183 717  -1  24.6  70
 150.0  235687  0.327   867   867   867  84   5   0   0 181 712  -1  24.6  70
 151.0  238336  0.331   878   878   878  90   5   0   0 179 707  -1  24.6  70
 152.0  241007  0.334   889   889   889  97   6   0   0 177 702  -1  24.6  70
 153.0  243701  0.338   899   899   899 103   6   0   0 174 697  -1  24.6  70
 154.0  246418  0.342   910   910   910 110   6   0   0 172 691  -1  24.6  70
 155.0  249156  0.346   920   920   920 118   7   0   0 170 685  -1  24.6  70
 156.0  251915  0.349   930   930   930 125   7   0   0 167 679  -1  24.6  70
 157.0  254696  0.353   940   940   940 133   7   0   0 165 673  -1  24.6  70
 158.0  257499  0.357   950   950   950 141   8   0   0 162 667  -1  24.6  70
 159.0  260321  0.361   959   959   959 150   8   0   0 160 660  -1  24.6  70
 160.0  263164  0.365   969   969   969 158   8   0   0 157 653  -1  24.6  70
 161.0  266025  0.369   978   978   978 168   9   0   0 154 645  -1  24.6  70
 162.0  268905  0.373   987   987   987 177   9   0   0 152 638  -1  24.6  70
 163.0  271788  0.377   996   996   996 186   9   0   0 149 630  -1  24.6  70
 164.0  274643  0.381  1004  1004  1004 195  10   0   0 146 624  -1  24.6  70
 165.0  277468  0.385  1013  1013  1013 202  10   0   0 143 618  -1  24.6  70
 166.0  280261  0.389  1021  1021  1021 210  11   0   0 141 612  -1  24.6  70
 167.0  283020  0.392  1029  1029  1030 218  11   0   0 138 606  -1  24.6  70
 168.0  285743  0.396  1037  1037  1044 225  11   0   0 135 600  -1  24.6  70
 169.0  288427  0.400  1045  1045  1057 232  12   0   0 133 595  -1  24.6  70
 170.0  291071  0.404  1053  1053  1070 239  12   0   0 130 590  -1  24.6  70
 171.0  293672  0.407  1060  1060  1083 247  13   0   0 127 584  -1  24.6  70
 172.0  296228  0.411  1068  1068  1096 254  13   0   0 125 579  -1  24.6  70
 173.0  298737  0.414  1075  1075  1109 261  13   0   0 122 573  -1  24.6  70
 174.0  301196  0.418  1082  1082  1122 269  14   0   0 120 567  -1  24.6  70
 175.0  303602  0.421  1089  1089  1135 276  14   0   0 117 562  -1  24.6  70
 176.0  305952  0.424  1096  1096  1148 283  15   0   0 115 556  -1  24.6  70
 177.0  308243  0.427  1103  1103  1161 291  15   0   0 113 550  -1  24.6  70
 178.0  310472  0.431  1110  1110  1174 298  15   0   0 110 544  -1  24.6  70
 179.0  312635  0.434  1116  1116  1187 305  16   0   0 108 539  -1  24.6  70
 180.0  314728  0.436  1123  1123  1201 313  16   0   0 106 533  -1  24.6  70
 181.0  316746  0.439  1129  1129  1214 320  17   0   0 104 527  -1  24.6  70
 182.0  318685  0.442  1135  1135  1227 327  17   0   0 102 521  -1  24.6  70
 183.0  320539  0.445  1141  1141  1240 334  17   0   0 100 516  -1  24.6  70
 184.0  322301  0.447  1147  1147  1253 341  18   0   0  98 510  -1  24.6  70
 185.0  323963  0.449  1153  1153  1266 349  18   0   0  95 504  -1  24.6  70
 186.0  325516  0.451  1158  1158  1279 356  19   0   0  94 499  -1  24.6  70
 187.0  326947  0.453  1164  1164  1292 363  19   0   0  92 493  -1  24.6  70
 188.0  328242  0.455  1170  1170  1305 369  19   0   0  90 487  -1  24.6  70
 189.0  329377  0.457  1175  1175  1318 376  20   0   0  88 482  -1  24.6  70
 190.0  330317  0.458  1180  1180  1331 383  20   0   0  86 477  -1  24.6  70
 191.0  330983  0.459  1185  1185  1344 389  20   0   0  84 472  -1  24.6  70
 192.0  334191  0.463  1191  1191  1357 398  21   0   0  83 464  -1  24.6  70
 193.0  339368  0.471  1196  1196  1370 407  21   0   0  81 456  -1  24.6  70
 194.0  344578  0.478  1200  1200  1382 417  22   0   0  79 447  -1  24.6  70
 195.0  349819  0.485  1205  1205  1395 426  22   0   0  77 439  -1  24.6  70
 196.0  355091  0.492  1210  1210  1408 436  23   0   0  75 430  -1  24.6  70
 197.0  360392  0.500  1215  1215  1421 445  23   0   0  74 422  -1  24.6  70
 198.0  365722  0.507  1219  1219  1433 455  24   0   0  72 413  -1  24.6  70
 199.0  371078  0.515  1224  1224  1446 464  24   0   0  70 405  -1  24.6  70
 200.0  376460  0.522  1228  1228  1458 474  25   0   0  69 396  -1  24.6  70
 201.0  381866  0.530  1232  1232  1470 483  25   0   0  67 388  -1  24.6  70
 202.0  387295  0.537  1237  1237  1482 493  26   0   0  65 380  -1  24.6  70
 203.0  392746  0.545  1241  1241  1494 502  26   0   0  64 371  -1  24.6  70
 204.0  398216  0.552  1245  1245  1506 511  27   0   0  62 363  -1  24.6  70
 205.0  403705  0.560  1249  1249  1517 521  27   0   0  61 355  -1  24.6  70
 206.0  409210  0.567  1253  1253  1528 530  28   0   0  59 347  -1  24.6  70
 207.0  414731  0.575  1257  1257  1539 539  28   0   0  58 339  -1  24.6  70
 208.0  420266  0.583  1260  1260  1550 548  29   0   0  56 331  -1  24.6  70
 209.0  425813  0.590  1264  1264  1560 557  29   0   0  55 323  -1  24.6  70
 210.0  431370  0.598  1268  1268  1570 566  29   0   0  54 315  -1  24.6  70
 211.0  436935  0.606  1271  1271  1579 575  30   0   0  52 307  -1  24.6  70
 212.0  442508  0.614  1275  1275  1588 584  30   0   0  51 299  -1  24.6  70
 213.0  448085  0.621  1278  1278  1597 593  31   0   0  50 291  -1  24.6  70
 214.0  453666  0.629  1282  1282  1606 601  31   0   0  48 284  -1  24.6  70
 215.0  459248  0.637  1285  1285  1614 610  32   0   0  47 276  -1  24.6  70
 216.0  464830  0.645  1288  1288  1622 618  32   0   0  46 269  -1  24.6  70
 217.0  470409  0.652  1291  1291  1629 626  32   0   0  44 262  -1  24.6  70
 218.0  475984  0.660  1294  1294  1637 635  33   0   0  43 254  -1  24.6  70
 219.0  481553  0.668  1297  1297  1644 643  33   0   0  42 247  -1  24.6  70
 220.0  487113  0.675  1300  1300  1651 651  33   0   0  41 240  -1  24.6  70
 221.0  492662  0.683  1303  1303  1658 659  34   0   0  40 234  -1  24.6  70
 222.0  498199  0.691  1306  1306  1664 666  34   0   0  39 227  -1  24.6  70
 223.0  503721  0.699  1309  1309  1671 674  34   0   0  38 220  -1  24.6  70
 224.0  509226  0.706  1312  1312  1677 681  35   0   0  37 214  -1  24.6  70
 225.0  514713  0.714  1315  1315  1684 688  35   0   0  36 208  -1  24.6  70
 226.0  520178  0.721  1317  1317  1690 695  35   0   0  35 202  -1  24.6  70
 227.0  525620  0.729  1320  1320  1697 702  35   0   0  34 196  -1  24.6  70
 228.0  531036  0.736  1323  1323  1703 709  36   0   0  33 190  -1  24.6  70
 229.0  536424  0.744  1325  1325  1709 716  36   0   0  32 185  -1  24.6  70
 230.0  541782  0.751  1328  1328  1715 722  36   0   0  31 179  -1  24.6  70
 231.0  547107  0.759  1330  1330  1721 729  36   0   0  30 174  -1  24.6  70
 232.0  552398  0.766  1333  1333  1727 735  37   0   0  29 169  -1  24.6  70
 233.0  557651  0.773  1335  1335  1734 741  37   0   0  28 164  -1  24.6  70
 234.0  562866  0.781  1337  1337  1740 747  37   0   0  27 159  -1  24.6  70
 235.0  568038  0.788  1340  1340  1746 752  37   0   0  27 154  -1  24.6  70
 236.0  573166  0.795  1342  1342  1752 758  37   0   0  26 149  -1  24.6  70
 237.0  578247  0.802  1344  1344  1758 763  37   0   0  25 145  -1  24.6  70
 238.0  583279  0.809  1346  1346  1764 769  38   0   0  24 141  -1  24.6  70
 239.0  588260  0.816  1348  1348  1770 774  38   0   0  24 136  -1  24.6  70
 240.0  593188  0.823  1350  1350  1776 779  38   0   0  23 132  -1  24.6  70
 241.0  598059  0.829  1352  1352  1782 784  38   0   0  22 128  -1  24.6  70
 242.0  602871  0.836  1354  1354  1788 789  38   0   0  22 125  -1  24.6  70
 243.0  607622  0.843  1356  1356  1794 793  38   0   0  21 121  -1  24.6  70
 244.0  612310  0.849  1358  1358  1800 798  38   0   0  20 117  -1  24.6  70
 245.0  616932  0.856  1360  1360  1806 802  39   0   0  20 114  -1  24.6  70
 246.0  621485  0.862  1362  1362  1812 806  39   0   0  19 110  -1  24.6  70
 247.0  625968  0.868  1364  1364  1818 811  39   0   0  19 107  -1  24.6  70
 248.0  630377  0.874  1366  1366  1824 815  39   0   0  18 104  -1  24.6  70
 249.0  634711  0.880  1367  1367  1830 819  39   0   0  18 101  -1  24.6  70
 250.0  638968  0.886  1369  1369  1836 822  39   0   0  17  98  -1  24.6  70
 251.0  643143  0.892  1371  1371  1842 826  39   0   0  17  95  -1  24.6  70
 252.0  647236  0.898  1373  1373  1848 830  39   0   0  16  92  -1  24.6  70
 253.0  651244  0.903  1374  1374  1855 833  39   0   0  16  89  -1  24.6  70
 254.0  655165  0.909  1376  1376  1861 837  39   0   0  15  87  -1  24.6  70
 255.0  658996  0.914  1377  1377  1867 840  39   0   0  15  84  -1  24.6  70
 256.0  662734  0.919  1379  1379  1873 843  39   0   0  14  82  -1  24.6  70
 257.0  666378  0.924  1380  1380  1879 846  39   0   0  14  79  -1  24.6  70
 258.0  669926  0.929  1382  1382  1885 849  39   0   0  14  77  -1  24.6  70
 259.0  673375  0.934  1383  1383  1891 852  39   0   0  13  75  -1  24.6  70
 260.0  676722  0.938  1385  1385  1897 855  39   0   0  13  73  -1  24.6  70
 261.0  679966  0.943  1386  1386  1903 858  39   0   0  13  71  -1  24.6  70
 262.0  683105  0.947  1388  1388  1909 861  39   0   0  12  69  -1  24.6  70
 263.0  686136  0.951  1389  1389  1915 863  39   0   0  12  67  -1  24.6  70
 264.0  689056  0.956  1390  1390  1921 866  39   0   0  12  65  -1  24.6  70
 265.0  691865  0.959  1392  1392  1927 868  39   0   0  11  63  -1  24.6  70
 266.0  694559  0.963  1393  1393  1933 871  39   0   0  11  61  -1  24.6  70
 267.0  697137  0.967  1394  1394  1939 873  39   0   0  11  60  -1  24.6  70
 268.0  699597  0.970  1395  1395  1945 875  39   0   0  10  58  -1  24.6  70
 269.0  701936  0.973  1397  1397  1951 877  39   0   0  10  56  -1  24.6  70
 270.0  704152  0.976  1398  1398  1957 880  39   0   0  10  55  -1  24.6  70
 271.0  706243  0.979  1399  1399  1963 882  39   0   0  10  53  -1  24.6  70
 272.0  708208  0.982  1400  1400  1969 884  39   0   0   9  52  -1  24.6  70
 273.0  710044  0.985  1401  1401  1975 886  39   0   0   9  51  -1  24.6  70
 274.0  711749  0.987  1402  1402  1981 887  39   0   0   9  49  -1  24.6  70
 275.0  713321  0.989  1403  1403  1987 889  39   0   0   9  48  -1  24.6  70
 276.0  714758  0.991  1405  1405  1993 891  39   0   0   8  47  -1  24.6  70
 277.0  716057  0.993  1406  1406  1999 893  39   0   0   8  46  -1  24.6  70
 278.0  717215  0.995  1407  1407  2005 894  39   0   0   8  44  -1  24.6  70
 279.0  718231  0.996  1408  1408  2011 896  39   0   0   8  43  -1  24.6  70
 280.0  719102  0.997  1409  1409  2017 898  39   0   0   8  42  -1  24.6  70
 281.0  719824  0.998  1410  1410  2023 899  39   0   0   7  41  -1  24.6  70
 282.0  720393  0.999  1411  1411  2029 901  39   0   0   7  40  -1  24.6  70
 283.0  720805  1.000  1412  1412  2035 902  39   0   0   7  39  -1  24.6  70
 284.0  721050  1.000  1412  1412  2041 903  39   0   0   7  38  -1  24.6  70
 285.0  721116  1.000  1413  1413  2047 905  39   0   0   7  37  -1  24.6  70
 286.0  721067  1.000  1414  1414  2053 906  39   0   0   6  36  -1  24.6  70
 287.0  720950  1.000  1415  1415  2060 907  39   0   0   6  36  -1  24.6  70
 288.0  720766  1.000  1416  1416  2066 909  39   0   0   6  35  -1  24.6  70
 289.0  720515  0.999  1417  1417  2072 910  39   0   0   6  34  -1  24.6  70
 290.0  720198  0.999  1418  1418  2078 911  39   0   0   6  33  -1  24.6  70
 291.0  719816  0.998  1418  1418  2084 912  39   0   0   6  32  -1  24.6  70
 292.0  719369  0.998  1419  1419  2090 913  39   0   0   6  32  -1  24.6  70
 293.0  718859  0.997  1420  1420  2096 914  39   0   0   5  31  -1  24.6  70
 294.0  718287  0.996  1421  1421  2102 915  39   0   0   5  30  -1  24.6  70
 295.0  717652  0.995  1422  1422  2108 916  39   0   0   5  30  -1  24.6  70
 296.0  716957  0.994  1422  1422  2114 917  39   0   0   5  29  -1  24.6  70
 297.0  716202  0.993  1423  1423  2120 918  38   0   0   5  28  -1  24.6  70
 298.0  715387  0.992  1424  1424  2126 919  38   0   0   5  28  -1  24.6  70
 299.0  714514  0.991  1424  1424  2132 920  38   0   0   5  27  -1  24.6  70
 300.0  713584  0.990  1425  1426  2138 973  27   0   0   0   0  -1  24.6  70
 301.0  712598  0.988  1426  1428  2144 973  27   0   0   0   0  -1  24.6  70
 302.0  711555  0.987  1427  1430  2150 973  27   0   0   0   0  -1  24.6  70
 303.0  710458  0.985  1427  1432  2156 973  27   0   0   0   0  -1  24.6  70
 304.0  709308  0.984  1428  1434  2162 973  27   0   0   0   0  -1  24.6  70
 305.0  708105  0.982  1428  1436  2168 973  27   0   0   0   0  -1  24.6  70
 306.0  706850  0.980  1429  1438  2174 973  27   0   0   0   0  -1  24.6  70
 307.0  705543  0.978  1430  1440  2180 973  27   0   0   0   0  -1  24.6  70
 308.0  704187  0.977  1430  1442  2186 973  27   0   0   0   0  -1  24.6  70
 309.0  702783  0.975  1431  1444  2192 973  27   0   0   0   0  -1  24.6  70
 310.0  701329  0.973  1431  1446  2198 973  27   0   0   0   0  -1  24.6  70
 311.0  699829  0.970  1432  1448  2204 973  27   0   0   0   0  -1  24.6  70
 312.0  698283  0.968  1433  1450  2210 973  27   0   0   0   0  -1  24.6  70
 313.0  696691  0.966  1433  1452  2216 972  27   0   0   0   0  -1  24.6  70
 314.0  695056  0.964  1434  1454  2222 972  27   0   0   0   0  -1  24.6  70
 315.0  693377  0.962  1434  1456  2228 972  28   0   0   0   0  -1  24.6  70
 316.0  691655  0.959  1435  1458  2234 972  28   0   0   0   0  -1  24.6  70
 317.0  689892  0.957  1435  1460  2240 972  28   0   0   0   0  -1  24.6  70
 318.0  688089  0.954  1436  1462  2246 972  28   0   0   0   0  -1  24.6  70
 319.0  686246  0.952  1436  1464  2252 972  28   0   0   0   0  -1  24.6  70
 320.0  684365  0.949  1437  1466  2258 972  28   0   0   0   0  -1  24.6  70
 321.0  682445  0.946  1437  1468  2264 972  28   0   0   0   0  -1  24.6  70
 322.0  680490  0.944  1438  1470  2271 972  28   0   0   0   0  -1  24.6  70
 323.0  678498  0.941  1438  1472  2277 972  28   0   0   0   0  -1  24.6  70
 324.0  676471  0.938  1438  1474  2283 972  28   0   0   0   0  -1  24.6  70
 325.0  674411  0.935  1439  1476  2289 972  28   0   0   0   0  -1  24.6  70
 326.0  672317  0.932  1439  1478  2295 972  28   0   0   0   0  -1  24.6  70
 327.0  670191  0.929  1440  1480  2301 972  28   0   0   0   0  -1  24.6  70
 328.0  668034  0.926  1440  1481  2307 972  28   0   0   0   0  -1  24.6  70
 329.0  665846  0.923  1441  1483  2313 972  28   0   0   0   0  -1  24.6  70
 330.0  663629  0.920  1441  1485  2319 972  28   0   0   0   0  -1  24.6  70
 331.0  661383  0.917  1441  1487  2325 972  28   0   0   0   0  -1  24.6  70
 332.0  659110  0.914  1442  1489  2331 972  28   0   0   0   0  -1  24.6  70
 333.0  656809  0.911  1442  1491  2337 972  28   0   0   0   0  -1  24.6  70
 334.0  654482  0.908  1443  1493  2343 972  28   0   0   0   0  -1  24.6  70
 335.0  652131  0.904  1443  1495  2349 972  28   0   0   0   0  -1  24.6  70
 336.0  649754  0.901  1443  1497  2355 972  28   0   0   0   0  -1  24.6  70
 337.0  647354  0.898  1444  1499  2361 972  28   0   0   0   0  -1  24.6  70
 338.0  644931  0.894  1444  1501  2367 972  28   0   0   0   0  -1  24.6  70
 339.0  642487  0.891  1444  1503  2373 972  28   0   0   0   0  -1  24.6  70
 340.0  640021  0.888  1445  1504  2378 972  28   0   0   0   0  -1  24.6  70
 341.0  637534  0.884  1445  1506  2384 972  28   0   0   0   0  -1  24.6  70
 342.0  635028  0.881  1445  1508  2390 972  28   0   0   0   0  -1  24.6  70
 343.0  632503  0.877  1446  1510  2396 972  28   0   0   0   0  -1  24.6  70
 344.0  629960  0.874  1446  1511  2402 972  28   0   0   0   0  -1  24.6  70
 345.0  627400  0.870  1446  1513  2408 971  28   0   0   0   0  -1  24.6  70
 346.0  624822  0.866  1446  1514  2413 971  28   0   0   0   0  -1  24.6  70
 347.0  622229  0.863  1447  1516  2419 971  28   0   0   0   0  -1  24.6  70
 348.0  619621  0.859  1447  1517  2425 971  29   0   0   0   0  -1  24.6  70
 349.0  616998  0.856  1447  1519  2430 971  29   0   0   0   0  -1  24.6  70
 350.0  614361  0.852  1448  1520  2436 971  29   0   0   0   0  -1  24.6  70
 351.0  611712  0.848  1448  1521  2441 971  29   0   0   0   0  -1  24.6  70
 352.0  609049  0.845  1448  1522  2447 971  29   0   0   0   0  -1  24.6  70
 353.0  606375  0.841  1448  1523  2452 971  29   0   0   0   0  -1  24.6  70
 354.0  603690  0.837  1449  1524  2458 971  29   0   0   0   0  -1  24.6  70
 355.0  600994  0.833  1449  1525  2463 971  29   0   0   0   0  -1  24.6  70
 356.0  598288  0.830  1449  1526  2468 971  29   0   0   0   0  -1  24.6  70
 357.0  595573  0.826  1449  1527  2473 971  29   0   0   0   0  -1  24.6  70
 358.0  592849  0.822  1450  1528  2479 971  29   0   0   0   0  -1  24.6  70
 359.0  590117  0.818  1450  1528  2484 971  29   0   0   0   0  -1  24.6  70
 360.0  587377  0.815  1450  1529  2489 971  29   0   0   0   0  -1  24.6  70
 361.0  584631  0.811  1450  1530  2494 971  29   0   0   0   0  -1  24.6  70
 362.0  581878  0.807  1451  1530  2499 971  29   0   0   0   0  -1  24.6  70
 363.0  579119  0.803  1451  1531  2504 971  29   0   0   0   0  -1  24.6  70
 364.0  576355  0.799  1451  1531  2509 971  29   0   0   0   0  -1  24.6  70
 365.0  573587  0.795  1451  1532  2514 971  29   0   0   0   0  -1  24.6  70
 366.0  570814  0.792  1452  1532  2519 971  29   0   0   0   0  -1  24.6  70
 367.0  568037  0.788  1452  1533  2525 971  29   0   0   0   0  -1  24.6  70
 368.0  565257  0.784  1452  1534  2530 971  29   0   0   0   0  -1  24.6  70
 369.0  562474  0.780  1452  1534  2535 971  29   0   0   0   0  -1  24.6  70
 370.0  559689  0.776  1452  1535  2540 971  29   0   0   0   0  -1  24.6  70
 371.0  556902  0.772  1452  1535  2545 971  29   0   0   0   0  -1  24.6  70
 372.0  554114  0.768  1453  1536  2550 971  29   0   0   0   0  -1  24.6  70
 373.0  551325  0.765  1453  1536  2555 971  29   0   0   0   0  -1  24.6  70
 374.0  548536  0.761  1453  1537  2560 971  29   0   0   0   0  -1  24.6  70
 375.0  545746  0.757  1453  1537  2565 971  29   0   0   0   0  -1  24.6  70
 376.0  542957  0.753  1453  1537  2570 971  29   0   0   0   0  -1  24.6  70
 377.0  540168  0.749  1454  1538  2575 970  29   0   0   0   0  -1  24.6  70
 378.0  537381  0.745  1454  1538  2580 970  29   0   0   0   0  -1  24.6  70
 379.0  534596  0.741  1454  1539  2585 970  30   0   0   0   0  -1  24.6  70
 380.0  531812  0.737  1454  1539  2590 970  30   0   0   0   0  -1  24.6  70
 381.0  529031  0.734  1454  1540  2595 970  30   0   0   0   0  -1  24.6  70
 382.0  526252  0.730  1454  1540  2600 970  30   0   0   0   0  -1  24.6  70
 383.0  523476  0.726  1455  1541  2605 970  30   0   0   0   0  -1  24.6  70
 384.0  520704  0.722  1455  1541  2610 970  30   0   0   0   0  -1  24.6  70
 385.0  517936  0.718  1455  1542  2615 970  30   0   0   0   0  -1  24.6  70
 386.0  515171  0.714  1455  1542  2620 970  30   0   0   0   0  -1  24.6  70
 387.0  512411  0.711  1455  1543  2625 970  30   0   0   0   0  -1  24.6  70
 388.0  509656  0.707  1455  1543  2630 970  30   0   0   0   0  -1  24.6  70
 389.0  506906  0.703  1455  1544  2635 970  30   0   0   0   0  -1  24.6  70
 390.0  504161  0.699  1456  1544  2640 970  30   0   0   0   0  -1  24.6  70
 391.0  501421  0.695  1456  1545  2645 970  30   0   0   0   0  -1  24.6  70
 392.0  498688  0.692  1456  1545  2650 970  30   0   0   0   0  -1  24.6  70
 393.0  495960  0.688  1456  1546  2655 970  30   0   0   0   0  -1  24.6  70
 394.0  493239  0.684  1456  1546  2660 970  30   0   0   0   0  -1  24.6  70
 395.0  490524  0.680  1456  1547  2665 970  30   0   0   0   0  -1  24.6  70
 396.0  487817  0.676  1456  1547  2670 970  30   0   0   0   0  -1  24.6  70
 397.0  485116  0.673  1456  1548  2675 970  30   0   0   0   0  -1  24.6  70
 398.0  482423  0.669  1457  1548  2680 970  30   0   0   0   0  -1  24.6  70
 399.0  479738  0.665  1457  1549  2685 970  30   0   0   0   0  -1  24.6  70
 400.0  477060  0.662  1457  1549  2690 970  30   0   0   0   0  -1  24.6  70
 401.0  474390  0.658  1457  1549  2695 970  30   0   0   0   0  -1  24.6  70
 402.0  471728  0.654  1457  1550  2700 970  30   0   0   0   0  -1  24.6  70
 403.0  469075  0.650  1457  1550  2705 970  30   0   0   0   0  -1  24.6  70
 404.0  466431  0.647  1457  1551  2710 970  30   0   0   0   0  -1  24.6  70
 405.0  463795  0.643  1457  1551  2715 970  30   0   0   0   0  -1  24.6  70
 406.0  461168  0.640  1457  1552  2720 970  30   0   0   0   0  -1  24.6  70
 407.0  458551  0.636  1458  1552  2726 969  30   0   0   0   0  -1  24.6  70
 408.0  455942  0.632  1458  1553  2731 969  30   0   0   0   0  -1  24.6  70
 409.0  453343  0.629  1458  1553  2736 969  30   0   0   0   0  -1  24.6  70
 410.0  450754  0.625  1458  1554  2741 969  31   0   0   0   0  -1  24.6  70
 411.0  448175  0.622  1458  1554  2746 969  31   0   0   0   0  -1  24.6  70
 412.0  445605  0.618  1458  1555  2751 969  31   0   0   0   0  -1  24.6  70
 413.0  443045  0.614  1458  1555  2756 969  31   0   0   0   0  -1  24.6  70
 414.0  440496  0.611  1458  1556  2761 969  31   0   0   0   0  -1  24.6  70
 415.0  437957  0.607  1458  1556  2766 969  31   0   0   0   0  -1  24.6  70
 416.0  435428  0.604  1458  1557  2771 969  31   0   0   0   0  -1  24.6  70
 417.0  432910  0.600  1458  1557  2776 969  31   0   0   0   0  -1  24.6  70
 418.0  430403  0.597  1459  1558  2781 969  31   0   0   0   0  -1  24.6  70
 419.0  427906  0.593  1459  1558  2786 969  31   0   0   0   0  -1  24.6  70
 420.0  425421  0.590  1459  1559  2791 969  31   0   0   0   0  -1  24.6  70
 421.0  422946  0.587  1459  1559  2796 969  31   0   0   0   0  -1  24.6  70
 422.0  420482  0.583  1459  1560  2801 969  31   0   0   0   0  -1  24.6  70
 423.0  418029  0.580  1459  1561  2806 969  31   0   0   0   0  -1  24.6  70
 424.0  415588  0.576  1459  1561  2811 969  31   0   0   0   0  -1  24.6  70
 425.0  413158  0.573  1459  1562  2816 969  31   0   0   0   0  -1  24.6  70
 426.0  410739  0.570  1459  1562  2821 969  31   0   0   0   0  -1  24.6  70
 427.0  408332  0.566  1459  1563  2826 969  31   0   0   0   0  -1  24.6  70
 428.0  405936  0.563  1459  1564  2831 969  31   0   0   0   0  -1  24.6  70
 429.0  403552  0.560  1459  1564  2836 969  31   0   0   0   0  -1  24.6  70
 430.0  401180  0.556  1459  1565  2841 969  31   0   0   0   0  -1  24.6  70
 431.0  398819  0.553  1460  1566  2846 969  31   0   0   0   0  -1  24.6  70
 432.0  396470  0.550  1460  1567  2851 969  31   0   0   0   0  -1  24.6  70
 433.0  394133  0.547  1460  1567  2856 969  31   0   0   0   0  -1  24.6  70
 434.0  391808  0.543  1460  1568  2861 969  31   0   0   0   0  -1  24.6  70
 435.0  389494  0.540  1460  1569  2866 969  31   0   0   0   0  -1  24.6  70
 436.0  387193  0.537  1460  1570  2871 968  31   0   0   0   0  -1  24.6  70
 437.0  384903  0.534  1460  1571  2876 968  31   0   0   0   0  -1  24.6  70
 438.0  382625  0.531  1460  1572  2881 968  31   0   0   0   0  -1  24.6  70
 439.0  380360  0.527  1460  1573  2886 968  32   0   0   0   0  -1  24.6  70
 440.0  378107  0.524  1460  1574  2891 968  32   0   0   0   0  -1  24.6  70
 441.0  375865  0.521  1460  1575  2896 968  32   0   0   0   0  -1  24.6  70
 442.0  373636  0.518  1460  1576  2901 968  32   0   0   0   0  -1  24.6  70
 443.0  371419  0.515  1460  1577  2906 968  32   0   0   0   0  -1  24.6  70
 444.0  369214  0.512  1460  1578  2911 968  32   0   0   0   0  -1  24.6  70
 445.0  367021  0.509  1460  1579  2916 968  32   0   0   0   0  -1  24.6  70
 446.0  364840  0.506  1460  1580  2921 968  32   0   0   0   0  -1  24.6  70
 447.0  362671  0.503  1460  1580  2926 968  32   0   0   0   0  -1  24.6  70
 448.0  360515  0.500  1460  1581  2931 968  32   0   0   0   0  -1  24.6  70
 449.0  358371  0.497  1461  1582  2936 968  32   0   0   0   0  -1  24.6  70
 450.0  356239  0.494  1461  1583  2941 968  32   0   0   0   0  -1  24.6  70
 451.0  354119  0.491  1461  1584  2946 968  32   0   0   0   0  -1  24.6  70
 452.0  352011  0.488  1461  1585  2951 968  32   0   0   0   0  -1  24.6  70
 453.0  349915  0.485  1461  1586  2956 968  32   0   0   0   0  -1  24.6  70
 454.0  347832  0.482  1461  1587  2961 968  32   0   0   0   0  -1  24.6  70
 455.0  345760  0.479  1461  1588  2966 968  32   0   0   0   0  -1  24.6  70
 456.0  343701  0.477  1461  1589  2971 968  32   0   0   0   0  -1  24.6  70
 457.0  341654  0.474  1461  1590  2976 968  32   0   0   0   0  -1  24.6  70
 458.0  339619  0.471  1461  1591  2982 968  32   0   0   0   0  -1  24.6  70
 459.0  337596  0.468  1461  1593  2987 968  32   0   0   0   0  -1  24.6  70
 460.0  335585  0.465  1461  1594  2992 968  32   0   0   0   0  -1  24.6  70
 461.0  333587  0.463  1461  1595  2997 968  32   0   0   0   0  -1  24.6  70
 462.0  331600  0.460  1461  1596  3002 968  32   0   0   0   0  -1  24.6  70
 463.0  329625  0.457  1461  1597  3007 968  32   0   0   0   0  -1  24.6  70
 464.0  327662  0.454  1461  1598  3012 967  32   0   0   0   0  -1  24.6  70
 465.0  325711  0.452  1461  1599  3017 967  32   0   0   0   0  -1  24.6  70
 466.0  323772  0.449  1461  1600  3022 967  32   0   0   0   0  -1  24.6  70
 467.0  321845  0.446  1461  1601  3027 967  32   0   0   0   0  -1  24.6  70
 468.0  319930  0.444  1461  1602  3032 967  33   0   0   0   0  -1  24.6  70
 469.0  318027  0.441  1461  1603  3037 967  33   0   0   0   0  -1  24.6  70
 470.0  316135  0.438  1461  1604  3042 967  33   0   0   0   0  -1  24.6  70
 471.0  314255  0.436  1461  1605  3047 967  33   0   0   0   0  -1  24.6  70
 472.0  312387  0.433  1461  1606  3052 967  33   0   0   0   0  -1  24.6  70
 473.0  310530  0.431  1461  1607  3057 967  33   0   0   0   0  -1  24.6  70
 474.0  308685  0.428  1462  1608  3062 967  33   0   0   0   0  -1  24.6  70
 475.0  306852  0.426  1462  1609  3067 967  33   0   0   0   0  -1  24.6  70
 476.0  305031  0.423  1462  1610  3072 967  33   0   0   0   0  -1  24.6  70
 477.0  303220  0.420  1462  1611  3077 967  33   0   0   0   0  -1  24.6  70
 478.0  301422  0.418  1462  1612  3082 967  33   0   0   0   0  -1  24.6  70
 479.0  299634  0.416  1462  1613  3087 967  33   0   0   0   0  -1  24.6  70
 480.0  297859  0.413  1462  1614  3092 967  33   0   0   0   0  -1  24.6  70
 481.0  296094  0.411  1462  1615  3097 967  33   0   0   0   0  -1  24.6  70
 482.0  294341  0.408  1462  1616  3102 967  33   0   0   0   0  -1  24.6  70
 483.0  292599  0.406  1462  1617  3107 967  33   0   0   0   0  -1  24.6  70
 484.0  290868  0.403  1462  1618  3112 967  33   0   0   0   0  -1  24.6  70
 485.0  289149  0.401  1462  1619  3117 967  33   0   0   0   0  -1  24.6  70
 486.0  287440  0.399  1462  1620  3122 967  33   0   0   0   0  -1  24.6  70
 487.0  285743  0.396  1462  1621  3127 967  33   0   0   0   0  -1  24.6  70
 488.0  284057  0.394  1462  1622  3132 967  33   0   0   0   0  -1  24.6  70
 489.0  282381  0.392  1462  1623  3137 967  33   0   0   0   0  -1  24.6  70
 490.0  280717  0.389  1462  1624  3142 966  33   0   0   0   0  -1  24.6  70
 491.0  279063  0.387  1462  1625  3147 966  33   0   0   0   0  -1  24.6  70
 492.0  277420  0.385  1462  1626  3152 966  33   0   0   0   0  -1  24.6  70
 493.0  275788  0.382  1462  1627  3157 966  33   0   0   0   0  -1  24.6  70
 494.0  274167  0.380  1462  1628  3162 966  33   0   0   0   0  -1  24.6  70
 495.0  272557  0.378  1462  1629  3167 966  33   0   0   0   0  -1  24.6  70
 496.0  270957  0.376  1462  1630  3172 966  34   0   0   0   0  -1  24.6  70
 497.0  269367  0.374  1462  1631  3177 966  34   0   0   0   0  -1  24.6  70
 498.0  267788  0.371  1462  1632  3182 966  34   0   0   0   0  -1  24.6  70
 499.0  266220  0.369  1462  1633  3187 966  34   0   0   0   0  -1  24.6  70
 500.0  264662  0.367  1462  1634  3192 966  34   0   0   0   0  -1  24.6  70
 501.0  263114  0.365  1462  1635  3197 966  34   0   0   0   0  -1  24.6  70
 502.0  261576  0.363  1462  1636  3202 966  34   0   0   0   0  -1  24.6  70
 503.0  260049  0.361  1462  1637  3207 966  34   0   0   0   0  -1  24.6  70
 504.0  258532  0.359  1462  1638  3212 966  34   0   0   0   0  -1  24.6  70
 505.0  257025  0.356  1462  1639  3217 966  34   0   0   0   0  -1  24.6  70
 506.0  255528  0.354  1462  1640  3222 966  34   0   0   0   0  -1  24.6  70
 507.0  254041  0.352  1462  1641  3227 966  34   0   0   0   0  -1  24.6  70
 508.0  252565  0.350  1462  1642  3232 966  34   0   0   0   0  -1  24.6  70
 509.0  251097  0.348  1462  1643  3237 966  34   0   0   0   0  -1  24.6  70
 510.0  249640  0.346  1462  1644  3242 966  34   0   0   0   0  -1  24.6  70
 511.0  248193  0.344  1462  1645  3247 966  34   0   0   0   0  -1  24.6  70
 512.0  246755  0.342  1462  1646  3252 966  34   0   0   0   0  -1  24.6  70
 513.0  245327  0.340  1462  1647  3257 966  34   0   0   0   0  -1  24.6  70
 514.0  243909  0.338  1462  1648  3262 966  34   0   0   0   0  -1  24.6  70
 515.0  242500  0.336  1462  1649  3267 966  34   0   0   0   0  -1  24.6  70
 516.0  241101  0.334  1462  1650  3271 965  34   0   0   0   0  -1  24.6  70
 517.0  239711  0.332  1462  1651  3276 965  34   0   0   0   0  -1  24.6  70
 518.0  238330  0.331  1462  1652  3281 965  34   0   0   0   0  -1  24.6  70
 519.0  236959  0.329  1462  1653  3286 965  34   0   0   0   0  -1  24.6  70
 520.0  235597  0.327  1463  1654  3291 965  34   0   0   0   0  -1  24.6  70
 521.0  234245  0.325  1463  1655  3296 965  34   0   0   0   0  -1  24.6  70
 522.0  232901  0.323  1463  1656  3301 965  35   0   0   0   0  -1  24.6  70
 523.0  231567  0.321  1463  1657  3305 965  35   0   0   0   0  -1  24.6  70
 524.0  230242  0.319  1463  1658  3310 965  35   0   0   0   0  -1  24.6  70
 525.0  228925  0.317  1463  1659  3315 965  35   0   0   0   0  -1  24.6  70
 526.0  227618  0.316  1463  1660  3320 965  35   0   0   0   0  -1  24.6  70
 527.0  226319  0.314  1463  1661  3324 965  35   0   0   0   0  -1  24.6  70
 528.0  225030  0.312  1463  1662  3329 965  35   0   0   0   0  -1  24.6  70
 529.0  223749  0.310  1463  1663  3333 965  35   0   0   0   0  -1  24.6  70
 530.0  222477  0.309  1463  1664  3338 965  35   0   0   0   0  -1  24.6  70
 531.0  221213  0.307  1463  1665  3343 965  35   0   0   0   0  -1  24.6  70
 532.0  219958  0.305  1463  1666  3347 965  35   0   0   0   0  -1  24.6  70
 533.0  218712  0.303  1463  1667  3352 965  35   0   0   0   0  -1  24.6  70
 534.0  217474  0.302  1463  1668  3356 965  35   0   0   0   0  -1  24.6  70
 535.0  216244  0.300  1463  1669  3360 965  35   0   0   0   0  -1  24.6  70
 536.0  215023  0.298  1463  1670  3365 965  35   0   0   0   0  -1  24.6  70
 537.0  213810  0.296  1463  1671  3369 965  35   0   0   0   0  -1  24.6  70
 538.0  212606  0.295  1463  1672  3373 965  35   0   0   0   0  -1  24.6  70
 539.0  211409  0.293  1463  1673  3377 965  35   0   0   0   0  -1  24.6  70
 540.0  210221  0.292  1463  1674  3381 964  35   0   0   0   0  -1  24.6  70
 541.0  209041  0.290  1463  1675  3385 964  35   0   0   0   0  -1  24.6  70
 542.0  207869  0.288  1463  1676  3389 964  35   0   0   0   0  -1  24.6  70
 543.0  206705  0.287  1463  1677  3393 964  35   0   0   0   0  -1  24.6  70
 544.0  205549  0.285  1463  1678  3396 964  35   0   0   0   0  -1  24.6  70
 545.0  204401  0.283  1463  1679  3400 964  35   0   0   0   0  -1  24.6  70
 546.0  203260  0.282  1463  1680  3403 964  36   0   0   0   0  -1  24.6  70
 547.0  202128  0.280  1463  1681  3407 964  36   0   0   0   0  -1  24.6  70
 548.0  201003  0.279  1463  1682  3410 964  36   0   0   0   0  -1  24.6  70
 549.0  199885  0.277  1463  1683  3413 964  36   0   0   0   0  -1  24.6  70
 550.0  198776  0.276  1463  1684  3417 964  36   0   0   0   0  -1  24.6  70
 551.0  197674  0.274  1463  1685  3420 964  36   0   0   0   0  -1  24.6  70
 552.0  196579  0.273  1463  1686  3423 964  36   0   0   0   0  -1  24.6  70
 553.0  195492  0.271  1463  1687  3425 964  36   0   0   0   0  -1  24.6  70
 554.0  194413  0.270  1463  1688  3428 964  36   0   0   0   0  -1  24.6  70
 555.0  193340  0.268  1463  1689  3431 964  36   0   0   0   0  -1  24.6  70
 556.0  192275  0.267  1463  1690  3433 964  36   0   0   0   0  -1  24.6  70
 557.0  191218  0.265  1463  1691  3436 964  36   0   0   0   0  -1  24.6  70
 558.0  190167  0.264  1463  1692  3438 964  36   0   0   0   0  -1  24.6  70
 559.0  189124  0.262  1463  1693  3441 964  36   0   0   0   0  -1  24.6  70
 560.0  188088  0.261  1463  1694  3443 964  36   0   0   0   0  -1  24.6  70
 561.0  187058  0.259  1463  1695  3445 963  36   0   0   0   0  -1  24.6  70
 562.0  186036  0.258  1463  1696  3447 963  36   0   0   0   0  -1  24.6  70
 563.0  185021  0.257  1463  1698  3449 963  36   0   0   0   0  -1  24.6  70
 564.0  184013  0.255  1463  1699  3451 963  36   0   0   0   0  -1  24.6  70
 565.0  183011  0.254  1463  1700  3453 963  36   0   0   0   0  -1  24.6  70
 566.0  182017  0.252  1463  1701  3455 963  36   0   0   0   0  -1  24.6  70
 567.0  181029  0.251  1463  1702  3457 963  36   0   0   0   0  -1  24.6  70
 568.0  180047  0.250  1463  1703  3458 963  36   0   0   0   0  -1  24.6  70
 569.0  179073  0.248  1463  1704  3460 963  37   0   0   0   0  -1  24.6  70
 570.0  178105  0.247  1463  1705  3462 963  37   0   0   0   0  -1  24.6  70
 571.0  177144  0.246  1463  1706  3463 963  37   0   0   0   0  -1  24.6  70
 572.0  176189  0.244  1463  1707  3465 963  37   0   0   0   0  -1  24.6  70
 573.0  175241  0.243  1463  1708  3466 963  37   0   0   0   0  -1  24.6  70
 574.0  174299  0.242  1463  1709  3468 963  37   0   0   0   0  -1  24.6  70
 575.0  173363  0.240  1463  1710  3469 963  37   0   0   0   0  -1  24.6  70
 576.0  172434  0.239  1463  1711  3471 963  37   0   0   0   0  -1  24.6  70
 577.0  171511  0.238  1463  1712  3472 963  37   0   0   0   0  -1  24.6  70
 578.0  170594  0.237  1463  1714  3474 963  37   0   0   0   0  -1  24.6  70
 579.0  169684  0.235  1463  1715  3475 963  37   0   0   0   0  -1  24.6  70
 580.0  168779  0.234  1463  1716  3476 963  37   0   0   0   0  -1  24.6  70
 581.0  167881  0.233  1463  1717  3478 962  37   0   0   0   0  -1  24.6  70
 582.0  166989  0.232  1463  1718  3479 962  37   0   0   0   0  -1  24.6  70
 583.0  166103  0.230  1463  1719  3480 962  37   0   0   0   0  -1  24.6  70
 584.0  165223  0.229  1463  1721  3481 962  37   0   0   0   0  -1  24.6  70
 585.0  164349  0.228  1463  1722  3483 962  37   0   0   0   0  -1  24.6  70
 586.0  163480  0.227  1463  1723  3484 962  37   0   0   0   0  -1  24.6  70
 587.0  162618  0.226  1463  1724  3485 962  37   0   0   0   0  -1  24.6  70
 588.0  161761  0.224  1463  1726  3487 962  37   0   0   0   0  -1  24.6  70
 589.0  160910  0.223  1463  1727  3488 962  38   0   0   0   0  -1  24.6  70
 590.0  160065  0.222  1463  1728  3489 962  38   0   0   0   0  -1  24.6  70
 591.0  159226  0.221  1463  1729  3490 962  38   0   0   0   0  -1  24.6  70
 592.0  158392  0.220  1463  1731  3491 962  38   0   0   0   0  -1  24.6  70
 593.0  157563  0.218  1463  1732  3493 962  38   0   0   0   0  -1  24.6  70
 594.0  156741  0.217  1463  1734  3494 962  38   0   0   0   0  -1  24.6  70
 595.0  155923  0.216  1463  1735  3495 962  38   0   0   0   0  -1  24.6  70
 596.0  155112  0.215  1463  1737  3496 962  38   0   0   0   0  -1  24.6  70
 597.0  154305  0.214  1463  1738  3497 962  38   0   0   0   0  -1  24.6  70
 598.0  153504  0.213  1463  1740  3499 962  38   0   0   0   0  -1  24.6  70
 599.0  152709  0.212  1463  1741  3500 962  38   0   0   0   0  -1  24.6  70
 600.0  151919  0.211  1463  1743  3501 961  38   0   0   0   0  -1  24.6  70
 601.0  151134  0.210  1463  1744  3502 961  38   0   0   0   0  -1  24.6  70
 602.0  150354  0.209  1463  1746  3503 961  38   0   0   0   0  -1  24.6  70
 603.0  149579  0.207  1463  1748  3505 961  38   0   0   0   0  -1  24.6  70
 604.0  148810  0.206  1463  1749  3506 961  38   0   0   0   0  -1  24.6  70
 605.0  148046  0.205  1463  1751  3507 961  38   0   0   0   0  -1  24.6  70
 606.0  147286  0.204  1463  1753  3508 961  38   0   0   0   0  -1  24.6  70
 607.0  146532  0.203  1463  1755  3509 961  38   0   0   0   0  -1  24.6  70
 608.0  145783  0.202  1463  1756  3510 961  38   0   0   0   0  -1  24.6  70
 609.0  145039  0.201  1463  1758  3512 961  39   0   0   0   0  -1  24.6  70
 610.0  144299  0.200  1463  1760  3513 961  39   0   0   0   0  -1  24.6  70
 611.0  143565  0.199  1463  1762  3514 961  39   0   0   0   0  -1  24.6  70
 612.0  142836  0.198  1463  1764  3515 961  39   0   0   0   0  -1  24.6  70
 613.0  142111  0.197  1463  1766  3516 961  39   0   0   0   0  -1  24.6  70
 614.0  141391  0.196  1463  1768  3517 961  39   0   0   0   0  -1  24.6  70
 615.0  140676  0.195  1463  1770  3519 961  39   0   0   0   0  -1  24.6  70
 616.0  139965  0.194  1463  1772  3520 961  39   0   0   0   0  -1  24.6  70
 617.0  139260  0.193  1463  1774  3521 961  39   0   0   0   0  -1  24.6  70
 618.0  138558  0.192  1463  1776  3522 960  39   0   0   0   0  -1  24.6  70
 619.0  137862  0.191  1463  1778  3523 960  39   0   0   0   0  -1  24.6  70
 620.0  137170  0.190  1463  1780  3524 960  39   0   0   0   0  -1  24.6  70
 621.0  136483  0.189  1463  1782  3526 960  39   0   0   0   0  -1  24.6  70
 622.0  135800  0.188  1463  1784  3527 960  39   0   0   0   0  -1  24.6  70
 623.0  135121  0.187  1463  1786  3528 960  39   0   0   0   0  -1  24.6  70
 624.0  134447  0.186  1463  1788  3529 960  39   0   0   0   0  -1  24.6  70
 625.0  133778  0.186  1463  1790  3530 960  39   0   0   0   0  -1  24.6  70
 626.0  133113  0.185  1463  1792  3531 960  39   0   0   0   0  -1  24.6  70
 627.0  132452  0.184  1463  1795  3533 960  39   0   0   0   0  -1  24.6  70
 628.0  131795  0.183  1463  1797  3534 960  40   0   0   0   0  -1  24.6  70
 629.0  131143  0.182  1463  1799  3535 960  40   0   0   0   0  -1  24.6  70
 630.0  130495  0.181  1463  1801  3536 960  40   0   0   0   0  -1  24.6  70
 631.0  129851  0.180  1463  1803  3537 960  40   0   0   0   0  -1  24.6  70
 632.0  129212  0.179  1463  1805  3538 960  40   0   0   0   0  -1  24.6  70
 633.0  128576  0.178  1463  1807  3540 960  40   0   0   0   0  -1  24.6  70
 634.0  127945  0.177  1463  1810  3541 960  40   0   0   0   0  -1  24.6  70
 635.0  127318  0.177  1463  1812  3542 960  40   0   0   0   0  -1  24.6  70
 636.0  126695  0.176  1463  1814  3543 959  40   0   0   0   0  -1  24.6  70
 637.0  126075  0.175  1463  1816  3544 959  40   0   0   0   0  -1  24.6  70
 638.0  125460  0.174  1463  1818  3545 959  40   0   0   0   0  -1  24.6  70
 639.0  124849  0.173  1463  1820  3546 959  40   0   0   0   0  -1  24.6  70
 640.0  124242  0.172  1463  1823  3548 959  40   0   0   0   0  -1  24.6  70
 641.0  123639  0.171  1463  1825  3549 959  40   0   0   0   0  -1  24.6  70
 642.0  123039  0.171  1463  1827  3550 959  40   0   0   0   0  -1  24.6  70
 643.0  122444  0.170  1463  1829  3551 959  40   0   0   0   0  -1  24.6  70
 644.0  121852  0.169  1463  1831  3552 959  40   0   0   0   0  -1  24.6  70
 645.0  121264  0.168  1463  1833  3553 959  40   0   0   0   0  -1  24.6  70
 646.0  120680  0.167  1463  1836  3555 959  40   0   0   0   0  -1  24.6  70
 647.0  120100  0.167  1463  1838  3556 959  41   0   0   0   0  -1  24.6  70
 648.0  119523  0.166  1463  1840  3557 959  41   0   0   0   0  -1  24.6  70
 649.0  118950  0.165  1463  1842  3558 959  41   0   0   0   0  -1  24.6  70
 650.0  118380  0.164  1463  1844  3559 959  41   0   0   0   0  -1  24.6  70
 651.0  117815  0.163  1463  1847  3560 959  41   0   0   0   0  -1  24.6  70
 652.0  117253  0.163  1463  1849  3562 958  41   0   0   0   0  -1  24.6  70
 653.0  116694  0.162  1463  1851  3563 958  41   0   0   0   0  -1  24.6  70
 654.0  116139  0.161  1463  1853  3564 958  41   0   0   0   0  -1  24.6  70
 655.0  115588  0.160  1463  1855  3565 958  41   0   0   0   0  -1  24.6  70
 656.0  115040  0.160  1463  1858  3566 958  41   0   0   0   0  -1  24.6  70
 657.0  114495  0.159  1463  1860  3567 958  41   0   0   0   0  -1  24.6  70
 658.0  113954  0.158  1463  1862  3569 958  41   0   0   0   0  -1  24.6  70
 659.0  113417  0.157  1463  1864  3570 958  41   0   0   0   0  -1  24.6  70
 660.0  112882  0.157  1463  1866  3571 958  41   0   0   0   0  -1  24.6  70
 661.0  112352  0.156  1463  1868  3572 958  41   0   0   0   0  -1  24.6  70
 662.0  111824  0.155  1463  1871  3573 958  41   0   0   0   0  -1  24.6  70
 663.0  111300  0.154  1463  1873  3574 958  41   0   0   0   0  -1  24.6  70
 664.0  110779  0.154  1463  1875  3575 958  41   0   0   0   0  -1  24.6  70
 665.0  110261  0.153  1463  1877  3577 958  42   0   0   0   0  -1  24.6  70
 666.0  109747  0.152  1463  1879  3578 958  42   0   0   0   0  -1  24.6  70
 667.0  109236  0.151  1463  1882  3579 958  42   0   0   0   0  -1  24.6  70
 668.0  108728  0.151  1463  1884  3580 957  42   0   0   0   0  -1  24.6  70
 669.0  108223  0.150  1463  1886  3581 957  42   0   0   0   0  -1  24.6  70
 670.0  107722  0.149  1463  1888  3582 957  42   0   0   0   0  -1  24.6  70
 671.0  107223  0.149  1463  1890  3584 957  42   0   0   0   0  -1  24.6  70
 672.0  106728  0.148  1463  1893  3585 957  42   0   0   0   0  -1  24.6  70
 673.0  106236  0.147  1463  1895  3586 957  42   0   0   0   0  -1  24.6  70
 674.0  105747  0.147  1463  1897  3587 957  42   1   0   0   0  -1  24.6  70
 675.0  105260  0.146  1463  1899  3588 957  42   1   0   0   0  -1  24.6  70
 676.0  104777  0.145  1463  1901  3589 957  42   1   0   0   0  -1  24.6  70
 677.0  104297  0.145  1463  1904  3591 957  42   1   0   0   0  -1  24.6  70
 678.0  103820  0.144  1463  1906  3592 957  42   1   0   0   0  -1  24.6  70
 679.0  103346  0.143  1463  1908  3593 957  42   1   0   0   0  -1  24.6  70
 680.0  102875  0.143  1463  1910  3594 957  42   1   0   0   0  -1  24.6  70
 681.0  102406  0.142  1463  1912  3595 957  42   1   0   0   0  -1  24.6  70
 682.0  101941  0.141  1463  1915  3596 957  42   1   0   0   0  -1  24.6  70
 683.0  101478  0.141  1463  1917  3598 957  43   1   0   0   0  -1  24.6  70
 684.0  101019  0.140  1463  1919  3599 956  43   1   0   0   0  -1  24.6  70
 685.0  100562  0.139  1463  1921  3600 956  43   1   0   0   0  -1  24.6  70
 686.0  100107  0.139  1463  1923  3601 956  43   1   0   0   0  -1  24.6  70
 687.0   99656  0.138  1463  1926  3602 956  43   1   0   0   0  -1  24.6  70
 688.0   99208  0.138  1463  1928  3603 956  43   1   0   0   0  -1  24.6  70
 689.0   98762  0.137  1463  1930  3604 956  43   1   0   0   0  -1  24.6  70
 690.0   98319  0.136  1463  1932  3606 956  43   1   0   0   0  -1  24.6  70
 691.0   97878  0.136  1463  1934  3607 956  43   1   0   0   0  -1  24.6  70
 692.0   97441  0.135  1463  1937  3608 956  43   1   0   0   0  -1  24.6  70
 693.0   97006  0.135  1463  1939  3609 956  43   1   0   0   0  -1  24.6  70
 694.0   96573  0.134  1463  1941  3610 956  43   1   0   0   0  -1  24.6  70
 695.0   96144  0.133  1463  1943  3611 956  43   1   0   0   0  -1  24.6  70
 696.0   95716  0.133  1463  1945  3613 956  43   1   0   0   0  -1  24.6  70
 697.0   95292  0.132  1463  1948  3614 956  43   1   0   0   0  -1  24.6  70
 698.0   94870  0.132  1463  1950  3615 956  43   1   0   0   0  -1  24.6  70
 699.0   94451  0.131  1463  1952  3616 955  43   1   0   0   0  -1  24.6  70
 700.0   94034  0.130  1463  1954  3617 955  44   1   0   0   0  -1  24.6  70
 701.0   93619  0.130  1463  1956  3618 955  44   1   0   0   0  -1  24.6  70
 702.0   93207  0.129  1463  1959  3620 955  44   1   0   0   0  -1  24.6  70
 703.0   92798  0.129  1463  1961  3621 955  44   1   0   0   0  -1  24.6  70
 704.0   92391  0.128  1463  1963  3622 955  44   1   0   0   0  -1  24.6  70
 705.0   91987  0.128  1463  1965  3623 955  44   1   0   0   0  -1  24.6  70
 706.0   91585  0.127  1463  1967  3624 955  44   1   0   0   0  -1  24.6  70
 707.0   91185  0.126  1463  1969  3625 955  44   1   0   0   0  -1  24.6  70
 708.0   90788  0.126  1463  1972  3626 955  44   1   0   0   0  -1  24.6  70
 709.0   90393  0.125  1463  1974  3628 955  44   1   0   0   0  -1  24.6  70
 710.0   90000  0.125  1463  1976  3629 955  44   1   0   0   0  -1  24.6  70
 711.0   89610  0.124  1463  1978  3630 955  44   1   0   0   0  -1  24.6  70
 712.0   89222  0.124  1463  1980  3631 955  44   1   1   0   0  -1  24.6  70
 713.0   88837  0.123  1463  1983  3632 954  44   1   1   0   0  -1  24.6  70
 714.0   88454  0.123  1463  1985  3633 954  44   1   1   0   0  -1  24.6  70
 715.0   88073  0.122  1463  1987  3635 954  44   1   1   0   0  -1  24.6  70
 716.0   87694  0.122  1463  1989  3636 954  44   1   1   0   0  -1  24.6  70
 717.0   87317  0.121  1463  1991  3637 954  45   1   1   0   0  -1  24.6  70
 718.0   86943  0.121  1463  1994  3638 954  45   1   1   0   0  -1  24.6  70
 719.0   86571  0.120  1463  1996  3639 954  45   1   1   0   0  -1  24.6  70
 720.0   86201  0.120  1463  1998  3640 954  45   1   1   0   0  -1  24.6  70
 721.0   85834  0.119  1463  2000  3642 954  45   1   1   0   0  -1  24.6  70
 722.0   85468  0.119  1463  2002  3643 954  45   1   1   0   0  -1  24.6  70
 723.0   85105  0.118  1463  2005  3644 954  45   1   1   0   0  -1  24.6  70
 724.0   84744  0.118  1463  2007  3645 954  45   1   1   0   0  -1  24.6  70
 725.0   84385  0.117  1463  2009  3646 954  45   1   1   0   0  -1  24.6  70
 726.0   84028  0.117  1463  2011  3647 954  45   1   1   0   0  -1  24.6  70
 727.0   83673  0.116  1463  2013  3649 953  45   1   1   0   0  -1  24.6  70
 728.0   83320  0.116  1463  2016  3650 953  45   1   1   0   0  -1  24.6  70
 729.0   82969  0.115  1463  2018  3651 953  45   1   1   0   0  -1  24.6  70
 730.0   82620  0.115  1463  2020  3652 953  45   1   1   0   0  -1  24.6  70
 731.0   82274  0.114  1463  2022  3653 953  45   1   1   0   0  -1  24.6  70
 732.0   81929  0.114  1463  2024  3654 953  45   1   1   0   0  -1  24.6  70
 733.0   81586  0.113  1463  2027  3655 953  46   1   1   0   0  -1  24.6  70
 734.0   81246  0.113  1463  2029  3657 953  46   1   1   0   0  -1  24.6  70
 735.0   80907  0.112  1463  2031  3658 953  46   1   1   0   0  -1  24.6  70
 736.0   80570  0.112  1463  2033  3659 953  46   1   1   0   0  -1  24.6  70
 737.0   80236  0.111  1463  2035  3660 953  46   1   1   0   0  -1  24.6  70
 738.0   79903  0.111  1463  2038  3661 953  46   1   1   0   0  -1  24.6  70
 739.0   79572  0.110  1463  2040  3662 953  46   1   1   0   0  -1  24.6  70
 740.0   79243  0.110  1463  2042  3664 952  46   1   1   0   0  -1  24.6  70
 741.0   78916  0.109  1463  2044  3665 952  46   1   1   0   0  -1  24.6  70
 742.0   78590  0.109  1463  2046  3666 952  46   1   1   0   0  -1  24.6  70
 743.0   78267  0.109  1463  2049  3667 952  46   1   1   0   0  -1  24.6  70
 744.0   77945  0.108  1463  2051  3668 952  46   1   1   0   0  -1  24.6  70
 745.0   77626  0.108  1463  2053  3669 952  46   1   1   0   0  -1  24.6  70
 746.0   77308  0.107  1463  2055  3671 952  46   1   1   0   0  -1  24.6  70
 747.0   76992  0.107  1463  2057  3672 952  46   1   1   0   0  -1  24.6  70
 748.0   76678  0.106  1463  2060  3673 952  47   1   1   0   0  -1  24.6  70
 749.0   76365  0.106  1463  2062  3674 952  47   1   1   0   0  -1  24.6  70
 750.0   76054  0.105  1463  2064  3675 952  47   1   1   0   0  -1  24.6  70
 751.0   75746  0.105  1463  2066  3676 952  47   1   1   0   0  -1  24.6  70
 752.0   75438  0.105  1463  2068  3678 952  47   1   1   0   0  -1  24.6  70
 753.0   75133  0.104  1463  2071  3679 951  47   1   1   0   0  -1  24.6  70
 754.0   74829  0.104  1463  2073  3680 951  47   1   1   0   0  -1  24.6  70
 755.0   74527  0.103  1463  2075  3681 951  47   1   1   0   0  -1  24.6  70
 756.0   74227  0.103  1463  2077  3682 951  47   1   1   0   0  -1  24.6  70
 757.0   73928  0.103  1463  2079  3683 951  47   1   1   0   0  -1  24.6  70
 758.0   73632  0.102  1463  2082  3684 951  47   1   1   0   0  -1  24.6  70
 759.0   73336  0.102  1463  2084  3686 951  47   1   1   0   0  -1  24.6  70
 760.0   73043  0.101  1463  2086  3687 951  47   1   1   0   0  -1  24.6  70
 761.0   72751  0.101  1463  2088  3688 951  47   1   1   0   0  -1  24.6  70
 762.0   72461  0.100  1463  2090  3689 951  48   1   1   0   0  -1  24.6  70
 763.0   72172  0.100  1463  2093  3690 951  48   1   1   0   0  -1  24.6  70
 764.0   71885  0.100  1463  2095  3691 951  48   1   1   0   0  -1  24.6  70
 765.0   71599  0.099  1463  2097  3693 950  48   1   1   0   0  -1  24.6  70
 766.0   71316  0.099  1463  2099  3694 950  48   1   1   0   0  -1  24.6  70
 767.0   71033  0.099  1463  2101  3695 950  48   1   1   0   0  -1  24.6  70
 768.0   70753  0.098  1463  2103  3696 950  48   1   1   0   0  -1  24.6  70
 769.0   70474  0.098  1463  2106  3697 950  48   1   1   0   0  -1  24.6  70
 770.0   70196  0.097  1463  2108  3698 950  48   1   1   0   0  -1  24.6  70
 771.0   69920  0.097  1463  2110  3700 950  48   1   1   0   0  -1  24.6  70
 772.0   69645  0.097  1463  2112  3701 950  48   1   1   0   0  -1  24.6  70
 773.0   69373  0.096  1463  2114  3702 950  48   1   1   0   0  -1  24.6  70
 774.0   69101  0.096  1463  2117  3703 950  48   1   1   0   0  -1  24.6  70
 775.0   68831  0.095  1463  2119  3704 950  48   1   1   0   0  -1  24.6  70
 776.0   68563  0.095  1463  2121  3705 949  48   1   1   0   0  -1  24.6  70
 777.0   68295  0.095  1463  2123  3707 949  49   1   1   0   0  -1  24.6  70
 778.0   68030  0.094  1463  2125  3708 949  49   1   1   0   0  -1  24.6  70
 779.0   67766  0.094  1463  2128  3709 949  49   1   1   0   0  -1  24.6  70
 780.0   67503  0.094  1463  2130  3710 949  49   1   1   0   0  -1  24.6  70
 781.0   67242  0.093  1463  2132  3711 949  49   1   1   0   0  -1  24.6  70
 782.0   66982  0.093  1463  2134  3712 949  49   1   1   0   0  -1  24.6  70
 783.0   66724  0.093  1463  2136  3714 949  49   1   1   0   0  -1  24.6  70
 784.0   66467  0.092  1463  2139  3715 949  49   1   1   0   0  -1  24.6  70
 785.0   66211  0.092  1463  2141  3716 949  49   1   1   0   0  -1  24.6  70
 786.0   65957  0.091  1463  2143  3717 949  49   1   1   0   0  -1  24.6  70
 787.0   65704  0.091  1463  2145  3718 948  49   1   1   0   0  -1  24.6  70
 788.0   65453  0.091  1463  2147  3719 948  49   1   1   0   0  -1  24.6  70
 789.0   65203  0.090  1463  2150  3721 948  49   1   1   0   0  -1  24.6  70
 790.0   64954  0.090  1463  2152  3722 948  50   1   1   0   0  -1  24.6  70
 791.0   64707  0.090  1463  2154  3723 948  50   1   1   0   0  -1  24.6  70
 792.0   64461  0.089  1463  2156  3724 948  50   1   1   0   0  -1  24.6  70
 793.0   64216  0.089  1463  2158  3725 948  50   1   1   0   0  -1  24.6  70
 794.0   63973  0.089  1463  2161  3726 948  50   1   1   0   0  -1  24.6  70
 795.0   63731  0.088  1463  2163  3728 948  50   1   1   0   0  -1  24.6  70
 796.0   63490  0.088  1463  2165  3729 948  50   1   1   0   0  -1  24.6  70
 797.0   63251  0.088  1463  2167  3730 948  50   1   1   0   0  -1  24.6  70
 798.0   63012  0.087  1463  2169  3731 947  50   1   1   0   0  -1  24.6  70
 799.0   62776  0.087  1463  2172  3732 947  50   1   1   0   0  -1  24.6  70
 800.0   62540  0.087  1463  2174  3733 947  50   1   1   0   0  -1  24.6  70
 801.0   62306  0.086  1463  2176  3735 947  50   1   1   0   0  -1  24.6  70
 802.0   62072  0.086  1463  2178  3736 947  50   1   1   0   0  -1  24.6  70
 803.0   61840  0.086  1463  2180  3737 947  50   2   1   0   0  -1  24.6  70
 804.0   61610  0.085  1463  2183  3738 947  51   2   1   0   0  -1  24.6  70
 805.0   61380  0.085  1463  2185  3739 947  51   2   1   0   0  -1  24.6  70
 806.0   61152  0.085  1463  2187  3740 947  51   2   1   0   0  -1  24.6  70
 807.0   60925  0.084  1463  2189  3742 947  51   2   1   0   0  -1  24.6  70
 808.0   60699  0.084  1463  2191  3743 946  51   2   1   0   0  -1  24.6  70
 809.0   60475  0.084  1463  2194  3744 946  51   2   1   0   0  -1  24.6  70
 810.0   60251  0.084  1463  2196  3745 946  51   2   1   0   0  -1  24.6  70
 811.0   60029  0.083  1463  2198  3746 946  51   2   1   0   0  -1  24.6  70
 812.0   59808  0.083  1463  2200  3748 946  51   2   1   0   0  -1  24.6  70
 813.0   59588  0.083  1463  2202  3749 946  51   2   1   0   0  -1  24.6  70
 814.0   59369  0.082  1463  2205  3750 946  51   2   1   0   0  -1  24.6  70
 815.0   59152  0.082  1463  2207  3751 946  51   2   1   0   0  -1  24.6  70
 816.0   58935  0.082  1463  2209  3752 946  51   2   1   0   0  -1  24.6  70
 817.0   58720  0.081  1463  2211  3753 946  52   2   1   0   0  -1  24.6  70
 818.0   58506  0.081  1463  2213  3755 945  52   2   1   0   0  -1  24.6  70
 819.0   58293  0.081  1463  2216  3756 945  52   2   1   0   0  -1  24.6  70
 820.0   58081  0.081  1463  2218  3757 945  52   2   1   0   0  -1  24.6  70
 821.0   57870  0.080  1463  2220  3758 945  52   2   1   0   0  -1  24.6  70
 822.0   57660  0.080  1463  2222  3759 945  52   2   1   0   0  -1  24.6  70
 823.0   57451  0.080  1463  2224  3761 945  52   2   1   0   0  -1  24.6  70
 824.0   57244  0.079  1463  2226  3762 945  52   2   1   0   0  -1  24.6  70
 825.0   57037  0.079  1463  2229  3763 945  52   2   1   0   0  -1  24.6  70
 826.0   56832  0.079  1463  2231  3764 945  52   2   1   0   0  -1  24.6  70
 827.0   56627  0.079  1463  2233  3765 945  52   2   1   0   0  -1  24.6  70
 828.0   56424  0.078  1463  2235  3767 944  52   2   1   0   0  -1  24.6  70
 829.0   56222  0.078  1463  2237  3768 944  52   2   1   0   0  -1  24.6  70
 830.0   56021  0.078  1463  2240  3769 944  53   2   1   0   0  -1  24.6  70
 831.0   55820  0.077  1463  2242  3770 944  53   2   1   0   0  -1  24.6  70
 832.0   55621  0.077  1463  2244  3771 944  53   2   1   0   0  -1  24.6  70
 833.0   55423  0.077  1463  2246  3773 944  53   2   1   0   0  -1  24.6  70
 834.0   55226  0.077  1463  2248  3774 944  53   2   1   0   0  -1  24.6  70
 835.0   55030  0.076  1463  2251  3775 944  53   2   1   0   0  -1  24.6  70
 836.0   54835  0.076  1463  2253  3776 944  53   2   1   0   0  -1  24.6  70
 837.0   54640  0.076  1463  2255  3778 944  53   2   1   0   0  -1  24.6  70
 838.0   54447  0.076  1463  2257  3779 943  53   2   1   0   0  -1  24.6  70
 839.0   54255  0.075  1463  2259  3780 943  53   2   1   0   0  -1  24.6  70
 840.0   54064  0.075  1463  2262  3781 943  53   2   1   0   0  -1  24.6  70
 841.0   53874  0.075  1463  2264  3782 943  53   2   1   0   0  -1  24.6  70
 842.0   53684  0.074  1463  2266  3784 943  53   2   1   0   0  -1  24.6  70
 843.0   53496  0.074  1463  2268  3785 943  54   2   1   0   0  -1  24.6  70
 844.0   53309  0.074  1463  2270  3786 943  54   2   1   0   0  -1  24.6  70
 845.0   53122  0.074  1463  2273  3787 943  54   2   1   0   0  -1  24.6  70
 846.0   52937  0.073  1463  2275  3789 943  54   2   2   0   0  -1  24.6  70
 847.0   52752  0.073  1463  2277  3790 942  54   2   2   0   0  -1  24.6  70
 848.0   52569  0.073  1463  2279  3791 942  54   2   2   0   0  -1  24.6  70
 849.0   52386  0.073  1463  2281  3792 942  54   2   2   0   0  -1  24.6  70
 850.0   52204  0.072  1463  2284  3794 942  54   2   2   0   0  -1  24.6  70
 851.0   52024  0.072  1463  2286  3795 942  54   2   2   0   0  -1  24.6  70
 852.0   51844  0.072  1463  2288  3796 942  54   2   2   0   0  -1  24.6  70
 853.0   51665  0.072  1463  2290  3797 942  54   2   2   0   0  -1  24.6  70
 854.0   51486  0.071  1463  2292  3799 942  54   2   2   0   0  -1  24.6  70
 855.0   51309  0.071  1463  2295  3800 942  54   2   2   0   0  -1  24.6  70
 856.0   51133  0.071  1463  2297  3801 942  54   2   2   0   0  -1  24.6  70
 857.0   50957  0.071  1463  2299  3802 941  55   2   2   0   0  -1  24.6  70
 858.0   50783  0.070  1463  2301  3804 941  55   2   2   0   0  -1  24.6  70
 859.0   50609  0.070  1463  2303  3805 941  55   2   2   0   0  -1  24.6  70
 860.0   50436  0.070  1463  2306  3806 941  55   2   2   0   0  -1  24.6  70
 861.0   50264  0.070  1463  2308  3808 941  55   2   2   0   0  -1  24.6  70
 862.0   50093  0.069  1463  2310  3809 941  55   2   2   0   0  -1  24.6  70
 863.0   49923  0.069  1463  2312  3810 941  55   2   2   0   0  -1  24.6  70
 864.0   49753  0.069  1463  2314  3811 941  55   3   2   0   0  -1  24.6  70
 865.0   49584  0.069  1463  2317  3813 941  55   3   2   0   0  -1  24.6  70
 866.0   49417  0.069  1463  2319  3814 940  55   3   2   0   0  -1  24.6  70
 867.0   49250  0.068  1463  2321  3815 940  55   3   2   0   0  -1  24.6  70
 868.0   49083  0.068  1463  2323  3816 940  55   3   2   0   0  -1  24.6  70
 869.0   48918  0.068  1463  2325  3818 940  55   3   2   0   0  -1  24.6  70
 870.0   48754  0.068  1463  2328  3819 940  55   3   2   0   0  -1  24.6  70
 871.0   48590  0.067  1463  2330  3820 940  56   3   2   0   0  -1  24.6  70
 872.0   48427  0.067  1463  2332  3822 940  56   3   2   0   0  -1  24.6  70
 873.0   48265  0.067  1463  2334  3823 940  56   3   2   0   0  -1  24.6  70
 874.0   48103  0.067  1463  2336  3824 940  56   3   2   0   0  -1  24.6  70
 875.0   47943  0.066  1463  2339  3826 940  56   3   2   0   0  -1  24.6  70
 876.0   47783  0.066  1463  2341  3827 939  56   3   2   0   0  -1  24.6  70
 877.0   47624  0.066  1463  2343  3828 939  56   3   2   0   0  -1  24.6  70
 878.0   47466  0.066  1463  2345  3829 939  56   3   2   0   0  -1  24.6  70
 879.0   47308  0.066  1463  2347  3831 939  56   3   2   0   0  -1  24.6  70
 880.0   47151  0.065  1463  2349  3832 939  56   3   2   0   0  -1  24.6  70
 881.0   46995  0.065  1463  2352  3833 939  56   3   2   0   0  -1  24.6  70
 882.0   46840  0.065  1463  2354  3835 939  56   3   2   0   0  -1  24.6  70
 883.0   46686  0.065  1463  2356  3836 939  56   3   2   0   0  -1  24.6  70
 884.0   46532  0.065  1463  2358  3837 939  56   3   2   0   0  -1  24.6  70
 885.0   46379  0.064  1463  2360  3839 939  56   3   2   0   0  -1  24.6  70
 886.0   46227  0.064  1463  2363  3840 939  57   3   2   0   0  -1  24.6  70
 887.0   46075  0.064  1463  2365  3841 938  57   3   2   0   0  -1  24.6  70
 888.0   45925  0.064  1463  2367  3843 938  57   3   2   0   0  -1  24.6  70
 889.0   45775  0.063  1463  2369  3844 938  57   3   2   0   0  -1  24.6  70
 890.0   45625  0.063  1463  2371  3845 938  57   3   2   0   0  -1  24.6  70
 891.0   45477  0.063  1463  2374  3847 938  57   3   2   0   0  -1  24.6  70
 892.0   45329  0.063  1463  2376  3848 938  57   3   2   0   0  -1  24.6  70
 893.0   45181  0.063  1463  2378  3849 938  57   3   2   0   0  -1  24.6  70
 894.0   45035  0.062  1463  2380  3851 938  57   3   2   0   0  -1  24.6  70
 895.0   44889  0.062  1463  2382  3852 938  57   3   2   0   0  -1  24.6  70
 896.0   44744  0.062  1463  2385  3853 938  57   3   2   0   0  -1  24.6  70
 897.0   44599  0.062  1463  2387  3855 938  57   3   2   0   0  -1  24.6  70
 898.0   44456  0.062  1463  2389  3856 938  57   3   2   0   0  -1  24.6  70
 899.0   44313  0.061  1463  2391  3857 937  57   3   2   0   0  -1  24.6  70
 900.0   44170  0.061  1463  2393  3858 937  57   3   2   0   0  -1  24.6  70
 901.0   44028  0.061  1463  2396  3860 937  57   3   2   0   0  -1  24.6  70
 902.0   43887  0.061  1463  2398  3861 937  57   3   2   0   0  -1  24.6  70
 903.0   43747  0.061  1463  2400  3862 937  57   3   2   0   0  -1  24.6  70
 904.0   43607  0.060  1463  2402  3864 937  57   3   2   0   0  -1  24.6  70
 905.0   43468  0.060  1463  2404  3865 937  57   3   2   0   0  -1  24.6  70
 906.0   43330  0.060  1463  2407  3866 937  58   3   2   0   0  -1  24.6  70
 907.0   43192  0.060  1463  2409  3868 937  58   3   2   0   0  -1  24.6  70
 908.0   43055  0.060  1463  2411  3869 937  58   3   2   0   0  -1  24.6  70
 909.0   42918  0.060  1463  2413  3870 937  58   3   2   0   0  -1  24.6  70
 910.0   42782  0.059  1463  2415  3872 937  58   3   2   0   0  -1  24.6  70
 911.0   42647  0.059  1463  2418  3873 937  58   3   2   0   0  -1  24.6  70
 912.0   42513  0.059  1463  2420  3874 937  58   3   2   0   0  -1  24.6  70
 913.0   42379  0.059  1463  2422  3876 936  58   3   2   0   0  -1  24.6  70
 914.0   42245  0.059  1463  2424  3877 936  58   3   2   0   0  -1  24.6  70
 915.0   42112  0.058  1463  2426  3878 936  58   3   2   0   0  -1  24.6  70
 916.0   41980  0.058  1463  2429  3880 936  58   3   2   0   0  -1  24.6  70
 917.0   41849  0.058  1463  2431  3881 936  58   3   2   0   0  -1  24.6  70
 918.0   41718  0.058  1463  2433  3882 936  58   4   2   0   0  -1  24.6  70
 919.0   41588  0.058  1463  2435  3884 936  58   4   2   0   0  -1  24.6  70
 920.0   41458  0.057  1463  2437  3885 936  58   4   2   0   0  -1  24.6  70
 921.0   41329  0.057  1463  2440  3887 936  58   4   2   0   0  -1  24.6  70
 922.0   41200  0.057  1463  2442  3888 936  58   4   2   0   0  -1  24.6  70
 923.0   41072  0.057  1463  2444  3889 936  58   4   2   0   0  -1  24.6  70
 924.0   40945  0.057  1463  2446  3891 936  58   4   2   0   0  -1  24.6  70
 925.0   40818  0.057  1463  2448  3892 936  58   4   2   0   0  -1  24.6  70
 926.0   40692  0.056  1463  2451  3893 936  58   4   2   0   0  -1  24.6  70
 927.0   40566  0.056  1463  2453  3895 936  58   4   2   0   0  -1  24.6  70
 928.0   40441  0.056  1463  2455  3896 936  58   4   2   0   0  -1  24.6  70
 929.0   40317  0.056  1463  2457  3897 936  58   4   2   0   0  -1  24.6  70
 930.0   40193  0.056  1463  2459  3899 936  58   4   2   0   0  -1  24.6  70
 931.0   40070  0.056  1463  2462  3900 936  58   4   2   0   0  -1  24.6  70
 932.0   39947  0.055  1463  2464  3901 935  58   4   2   0   0  -1  24.6  70
 933.0   39825  0.055  1463  2466  3903 935  58   4   3   0   0  -1  24.6  70
 934.0   39703  0.055  1463  2468  3904 935  58   4   3   0   0  -1  24.6  70
 935.0   39582  0.055  1463  2470  3905 935  58   4   3   0   0  -1  24.6  70
 936.0   39461  0.055  1463  2472  3907 935  58   4   3   0   0  -1  24.6  70
 937.0   39341  0.055  1463  2475  3908 935  58   4   3   0   0  -1  24.6  70
 938.0   39222  0.054  1463  2477  3909 935  58   4   3   0   0  -1  24.6  70
 939.0   39103  0.054  1463  2479  3911 935  58   4   3   0   0  -1  24.6  70
 940.0   38985  0.054  1463  2481  3912 935  58   4   3   0   0  -1  24.6  70
 941.0   38867  0.054  1463  2483  3913 935  59   4   3   0   0  -1  24.6  70
 942.0   38749  0.054  1463  2486  3915 935  59   4   3   0   0  -1  24.6  70
 943.0   38633  0.054  1463  2488  3916 935  59   4   3   0   0  -1  24.6  70
 944.0   38516  0.053  1463  2490  3917 935  59   4   3   0   0  -1  24.6  70
 945.0   38401  0.053  1463  2492  3919 935  59   4   3   0   0  -1  24.6  70
 946.0   38285  0.053  1463  2494  3920 935  59   4   3   0   0  -1  24.6  70
 947.0   38171  0.053  1463  2497  3921 935  59   4   3   0   0  -1  24.6  70
 948.0   38056  0.053  1463  2499  3923 935  59   4   3   0   0  -1  24.6  70
 949.0   37943  0.053  1463  2501  3924 935  59   4   3   0   0  -1  24.6  70
 950.0   37829  0.052  1463  2503  3925 935  59   4   3   0   0  -1  24.6  70
 951.0   37717  0.052  1463  2505  3927 935  59   4   3   0   0  -1  24.6  70
 952.0   37604  0.052  1463  2508  3928 935  59   4   3   0   0  -1  24.6  70
 953.0   37493  0.052  1463  2510  3929 935  59   4   3   0   0  -1  24.6  70
 954.0   37381  0.052  1463  2512  3931 935  59   4   3   0   0  -1  24.6  70
 955.0   37271  0.052  1463  2514  3932 935  59   4   3   0   0  -1  24.6  70
 956.0   37161  0.052  1463  2516  3933 935  59   4   3   0   0  -1  24.6  70
 957.0   37051  0.051  1463  2519  3935 935  59   4   3   0   0  -1  24.6  70
 958.0   36941  0.051  1463  2521  3936 935  59   4   3   0   0  -1  24.6  70
 959.0   36833  0.051  1463  2523  3937 934  59   4   3   0   0  -1  24.6  70
 960.0   36724  0.051  1463  2525  3939 934  59   4   3   0   0  -1  24.6  70
 961.0   36617  0.051  1463  2527  3940 934  59   4   3   0   0  -1  24.6  70
 962.0   36509  0.051  1463  2530  3941 934  59   4   3   0   0  -1  24.6  70
 963.0   36402  0.050  1463  2532  3943 934  59   4   3   0   0  -1  24.6  70
 964.0   36296  0.050  1463  2534  3944 934  59   4   3   0   0  -1  24.6  70
 965.0   36190  0.050  1463  2536  3945 934  59   4   3   0   0  -1  24.6  70
 966.0   36084  0.050  1463  2538  3947 934  59   4   3   0   0  -1  24.6  70
 967.0   35979  0.050  1463  2541  3948 934  59   4   3   0   0  -1  24.6  70
 968.0   35875  0.050  1463  2543  3950 934  59   4   3   0   0  -1  24.6  70
 969.0   35771  0.050  1463  2545  3951 934  59   4   3   0   0  -1  24.6  70
 970.0   35667  0.049  1463  2547  3952 934  59   4   3   0   0  -1  24.6  70
 971.0   35564  0.049  1463  2549  3954 934  59   4   3   0   0  -1  24.6  70
 972.0   35461  0.049  1463  2552  3955 934  59   4   3   0   0  -1  24.6  70
 973.0   35359  0.049  1463  2554  3956 934  59   4   3   0   0  -1  24.6  70
 974.0   35257  0.049  1463  2556  3958 934  59   4   3   0   0  -1  24.6  70
 975.0   35155  0.049  1463  2558  3959 934  59   4   3   0   0  -1  24.6  70
 976.0   35054  0.049  1463  2560  3960 934  59   4   3   0   0  -1  24.6  70
 977.0   34954  0.048  1463  2563  3962 934  59   4   3   0   0  -1  24.6  70
 978.0   34853  0.048  1463  2565  3963 934  59   4   3   0   0  -1  24.6  70
 979.0   34754  0.048  1463  2567  3964 934  59   4   3   0   0  -1  24.6  70
 980.0   34654  0.048  1463  2569  3966 934  59   4   3   0   0  -1  24.6  70
 981.0   34555  0.048  1463  2571  3967 934  59   4   3   0   0  -1  24.6  70
 982.0   34457  0.048  1463  2574  3968 934  59   4   3   0   0  -1  24.6  70
 983.0   34359  0.048  1463  2576  3970 934  59   4   3   0   0  -1  24.6  70
 984.0   34261  0.048  1463  2578  3971 934  59   4   3   0   0  -1  24.6  70
 985.0   34164  0.047  1463  2580  3972 934  59   4   3   0   0  -1  24.6  70
 986.0   34067  0.047  1463  2582  3974 934  59   4   3   0   0  -1  24.6  70
 987.0   33971  0.047  1463  2585  3975 934  59   4   3   0   0  -1  24.6  70
 988.0   33875  0.047  1463  2587  3976 934  59   4   3   0   0  -1  24.6  70
 989.0   33779  0.047  1463  2589  3978 934  59   4   3   0   0  -1  24.6  70
 990.0   33684  0.047  1463  2591  3979 934  59   4   3   0   0  -1  24.6  70
 991.0   33590  0.047  1463  2593  3980 934  59   4   3   0   0  -1  24.6  70
 992.0   33495  0.046  1463  2595  3982 934  59   4   3   0   0  -1  24.6  70
 993.0   33401  0.046  1463  2598  3983 933  59   4   3   0   0  -1  24.6  70
 994.0   33308  0.046  1463  2600  3984 933  59   4   3   0   0  -1  24.6  70
 995.0   33215  0.046  1463  2602  3986 933  59   4   3   0   0  -1  24.6  70
 996.0   33122  0.046  1463  2604  3987 933  59   5   3   0   0  -1  24.6  70
 997.0   33029  0.046  1463  2606  3988 933  59   5   3   0   0  -1  24.6  70
 998.0   32937  0.046  1463  2609  3990 933  59   5   3   0   0  -1  24.6  70
 999.0   32846  0.046  1463  2611  3991 933  59   5   3   0   0  -1  24.6  70
1000.0   32755  0.045  1463  2613  3992 933  59   5   3   0   0  -1  24.6  70
1001.0   32664  0.045  1463  2615  3994 933  59   5   3   0   0  -1  24.6  70
1002.0   32573  0.045  1463  2617  3995 933  59   5   3   0   0  -1  24.6  70
1003.0   32483  0.045  1463  2620  3997 933  59   5   3   0   0  -1  24.6  70
1004.0   32394  0.045  1463  2622  3998 933  59   5   3   0   0  -1  24.6  70
1005.0   32304  0.045  1463  2624  3999 933  59   5   3   0   0  -1  24.6  70
1006.0   32215  0.045  1463  2626  4001 933  59   5   3   0   0  -1  24.6  70
1007.0   32127  0.045  1463  2628  4002 933  59   5   3   0   0  -1  24.6  70
1008.0   32038  0.044  1463  2631  4003 933  59   5   3   0   0  -1  24.6  70
1009.0   31951  0.044  1463  2633  4005 933  59   5   3   0   0  -1  24.6  70
1010.0   31863  0.044  1463  2635  4006 933  59   5   3   0   0  -1  24.6  70
1011.0   31776  0.044  1463  2637  4007 933  59   5   3   0   0  -1  24.6  70
1012.0   31689  0.044  1463  2639  4009 933  59   5   3   0   0  -1  24.6  70
1013.0   31603  0.044  1463  2642  4010 933  59   5   3   0   0  -1  24.6  70
1014.0   31517  0.044  1463  2644  4011 933  59   5   3   0   0  -1  24.6  70
1015.0   31431  0.044  1463  2646  4013 933  59   5   3   0   0  -1  24.6  70
1016.0   31346  0.043  1463  2648  4014 933  59   5   3   0   0  -1  24.6  70
1017.0   31261  0.043  1463  2650  4015 933  59   5   3   0   0  -1  24.6  70
1018.0   31176  0.043  1463  2653  4017 933  59   5   3   0   0  -1  24.6  70
1019.0   31092  0.043  1463  2655  4018 933  59   5   3   0   0  -1  24.6  70
1020.0   31008  0.043  1463  2657  4019 933  59   5   3   0   0  -1  24.6  70
1021.0   30924  0.043  1463  2659  4021 933  59   5   3   0   0  -1  24.6  70
1022.0   30841  0.043  1463  2661  4022 933  59   5   3   0   0  -1  24.6  70
1023.0   30758  0.043  1463  2664  4023 933  59   5   3   0   0  -1  24.6  70
1024.0   30675  0.043  1463  2666  4025 933  59   5   3   0   0  -1  24.6  70
1025.0   30593  0.042  1463  2668  4026 933  59   5   3   0   0  -1  24.6  70
1026.0   30511  0.042  1463  2670  4027 933  59   5   3   0   0  -1  24.6  70
1027.0   30429  0.042  1463  2672  4029 933  59   5   3   0   0  -1  24.6  70
1028.0   30348  0.042  1463  2675  4030 932  59   5   3   0   0  -1  24.6  70
1029.0   30267  0.042  1463  2677  4031 932  59   5   3   0   0  -1  24.6  70
1030.0   30187  0.042  1463  2679  4033 932  59   5   3   0   0  -1  24.6  70
1031.0   30106  0.042  1463  2681  4034 932  59   5   3   0   0  -1  24.6  70
1032.0   30026  0.042  1463  2683  4035 932  59   5   3   0   0  -1  24.6  70
1033.0   29947  0.042  1463  2686  4037 932  59   5   3   0   0  -1  24.6  70
1034.0   29867  0.041  1463  2688  4038 932  59   5   3   0   0  -1  24.6  70
1035.0   29788  0.041  1463  2690  4039 932  60   5   3   0   0  -1  24.6  70
1036.0   29710  0.041  1463  2692  4041 932  60   5   3   0   0  -1  24.6  70
1037.0   29631  0.041  1463  2694  4042 932  60   5   3   0   0  -1  24.6  70
1038.0   29553  0.041  1463  2697  4044 932  60   5   3   0   0  -1  24.6  70
1039.0   29476  0.041  1463  2699  4045 932  60   5   3   0   0  -1  24.6  70
1040.0   29398  0.041  1463  2701  4046 932  60   5   3   0   0  -1  24.6  70
1041.0   29321  0.041  1463  2703  4048 932  60   5   3   0   0  -1  24.6  70
1042.0   29244  0.041  1463  2705  4049 932  60   5   3   0   0  -1  24.6  70
1043.0   29168  0.040  1463  2708  4050 932  60   5   3   0   0  -1  24.6  70
1044.0   29092  0.040  1463  2710  4052 932  60   5   3   0   0  -1  24.6  70
1045.0   29016  0.040  1463  2712  4053 932  60   5   3   0   0  -1  24.6  70
1046.0   28940  0.040  1463  2714  4054 932  60   5   3   0   0  -1  24.6  70
1047.0   28865  0.040  1463  2716  4056 932  60   5   3   0   0  -1  24.6  70
1048.0   28790  0.040  1463  2718  4057 932  60   5   3   0   0  -1  24.6  70
1049.0   28715  0.040  1463  2721  4058 932  60   5   3   0   0  -1  24.6  70
